0.000010 0.000010 0.970974 0.028996 0.000010
0.000013 0.056872 0.739414 0.000010 0.203692
0.000010 0.042276 0.850301 0.000010 0.107403
0.000010 0.000010 0.962272 0.002202 0.035506
0.000010 0.052360 0.881085 0.000010 0.066535
0.000010 0.048586 0.916573 0.000010 0.034820
0.000010 0.047024 0.952946 0.000010 0.000010
0.000010 0.040587 0.941729 0.000010 0.017664
0.000010 0.017736 0.903370 0.041607 0.037277
0.000010 0.072736 0.903489 0.000010 0.023754
0.022262 0.053094 0.886460 0.012167 0.026017
0.000010 0.017131 0.956902 0.025946 0.000010
0.000010 0.000010 0.921248 0.002067 0.076665
0.000010 0.063406 0.893125 0.000010 0.043449
0.000010 0.043973 0.955997 0.000010 0.000010
0.000010 0.009389 0.966377 0.000010 0.024215
0.000010 0.078369 0.865383 0.054076 0.002162
0.000010 0.010201 0.897424 0.005455 0.086910
0.000010 0.072487 0.927483 0.000010 0.000010
0.000010 0.027026 0.921039 0.000010 0.051915
0.000010 0.016184 0.823975 0.000010 0.159821
0.000010 0.005739 0.939376 0.000010 0.054865
0.000010 0.051400 0.948570 0.000010 0.000010
0.005397 0.000010 0.994573 0.000010 0.000010
0.000010 0.021522 0.850403 0.025848 0.102217
0.000010 0.020612 0.979358 0.000010 0.000010
0.000010 0.028072 0.888706 0.000010 0.083202
0.000010 0.027948 0.972022 0.000010 0.000010
0.000010 0.000010 0.922343 0.077627 0.000010
0.000010 0.057501 0.925666 0.000010 0.016812
0.000010 0.090857 0.840260 0.008120 0.060753
0.000010 0.071989 0.899475 0.023680 0.004846
0.000010 0.000010 0.959963 0.040007 0.000010
0.000010 0.054653 0.939304 0.006023 0.000010
0.001973 0.012363 0.898261 0.087393 0.000010
0.002478 0.025673 0.965879 0.000010 0.005960
0.001202 0.026703 0.945470 0.019826 0.006799
0.034412 0.053402 0.847824 0.000010 0.064352
0.000010 0.000010 0.999960 0.000010 0.000010
0.000010 0.011789 0.898254 0.057916 0.032031
0.000010 0.032609 0.893117 0.030740 0.043524
0.020439 0.000010 0.824012 0.051285 0.104254
0.000010 0.017015 0.942137 0.000010 0.040828
0.000010 0.000010 0.971052 0.028918 0.000010
0.000010 0.000012 0.965429 0.000010 0.034539
0.000010 0.056848 0.845228 0.000010 0.097903
0.037110 0.018072 0.942705 0.000010 0.002103
0.000010 0.024454 0.914181 0.005731 0.055623
0.000010 0.016022 0.870585 0.000010 0.113373
0.000010 0.032810 0.926888 0.000010 0.040282
0.005905 0.057951 0.919000 0.000010 0.017134
0.000010 0.019123 0.888611 0.000010 0.092246
0.007516 0.064008 0.870836 0.000010 0.057630
0.015838 0.038487 0.945654 0.000010 0.000010
0.000010 0.054006 0.945964 0.000010 0.000010
0.000010 0.032850 0.857120 0.096044 0.013976
0.000010 0.000010 0.872764 0.127206 0.000010
0.000010 0.017154 0.831256 0.045343 0.106238
0.000010 0.034128 0.804080 0.006597 0.155185
0.000010 0.022210 0.857831 0.058208 0.061741
0.000010 0.062571 0.883688 0.000010 0.053721
0.000010 0.025528 0.805243 0.079742 0.089476
0.000010 0.018922 0.943442 0.000010 0.037617
0.053911 0.019056 0.897641 0.013416 0.015975
0.001884 0.064093 0.680486 0.067788 0.185749
0.000010 0.125793 0.766458 0.107729 0.000010
0.000010 0.070394 0.841046 0.088540 0.000010
0.000010 0.076967 0.923003 0.000010 0.000010
0.000010 0.120157 0.829499 0.000010 0.050324
0.001901 0.000010 0.776769 0.075685 0.145636
0.000010 0.039333 0.864635 0.063575 0.032447
0.012758 0.129858 0.763437 0.000010 0.093937
0.000010 0.000697 0.896982 0.003787 0.098525
0.000010 0.012108 0.987862 0.000010 0.000010
0.000010 0.039776 0.908201 0.052003 0.000010
0.000010 0.007959 0.819120 0.000010 0.172902
0.000010 0.000010 0.884391 0.000010 0.115579
0.008600 0.000010 0.919271 0.027881 0.044238
0.002393 0.010887 0.978769 0.000010 0.007940
0.000010 0.012616 0.863888 0.000010 0.123476
0.000010 0.007747 0.883751 0.018033 0.090459
0.000010 0.000010 0.981328 0.000010 0.018642
0.000010 0.037820 0.855676 0.000010 0.106484
0.000010 0.043464 0.923868 0.000010 0.032649
0.000010 0.016861 0.888944 0.002562 0.091623
0.000010 0.041774 0.890732 0.067474 0.000010
0.000010 0.037704 0.855658 0.000010 0.106617
0.000010 0.059798 0.917158 0.000010 0.023024
0.000010 0.051534 0.912044 0.000010 0.036401
0.000010 0.000010 0.930879 0.064182 0.004920
0.000010 0.019869 0.916538 0.000010 0.063573
0.000010 0.000010 0.975513 0.024457 0.000010
0.000010 0.019778 0.938657 0.041545 0.000010
0.013526 0.000010 0.809674 0.000010 0.176779
0.000010 0.044111 0.865199 0.000010 0.090670
0.000010 0.037140 0.885598 0.004140 0.073112
0.000010 0.024607 0.934625 0.000010 0.040748
0.000010 0.000010 0.939597 0.059012 0.001371
0.000010 0.054764 0.911386 0.000010 0.033830
0.000010 0.016951 0.957213 0.025816 0.000010
0.000015 0.012237 0.981342 0.006397 0.000010
0.000010 0.000010 0.900551 0.090579 0.008850
0.000010 0.000010 0.890640 0.000010 0.109330
0.000010 0.031408 0.678595 0.122938 0.167050
0.000010 0.052216 0.828050 0.088256 0.031469
0.000010 0.021699 0.875056 0.012029 0.091205
0.000010 0.000010 0.691244 0.042514 0.266222
0.000010 0.025994 0.830590 0.042959 0.100447
0.000010 0.095152 0.838281 0.052036 0.014521
0.000010 0.000010 0.939395 0.060575 0.000010
0.000010 0.057568 0.842854 0.099558 0.000010
0.000010 0.000010 0.743187 0.058487 0.198307
0.000010 0.086980 0.669546 0.121376 0.122088
0.000010 0.023171 0.953735 0.000010 0.023074
0.000010 0.007877 0.861432 0.130671 0.000010
0.000010 0.117871 0.786672 0.078977 0.016469
0.000010 0.006790 0.788632 0.076488 0.128080
0.000010 0.000010 0.873388 0.045744 0.080848
0.000010 0.000010 0.843843 0.156127 0.000010
0.000010 0.000010 0.920096 0.065783 0.014101
0.000010 0.031105 0.894987 0.073888 0.000010
0.016596 0.000010 0.791796 0.042457 0.149141
0.000010 0.094219 0.723229 0.021407 0.161135
0.000010 0.033309 0.878807 0.040087 0.047786
0.000010 0.031123 0.932759 0.036098 0.000010
0.000010 0.042254 0.809863 0.000010 0.147863
0.000010 0.032403 0.825221 0.108548 0.033818
0.016865 0.049492 0.920509 0.013124 0.000010
0.000010 0.021967 0.764918 0.054255 0.158850
0.000010 0.000010 0.813604 0.165433 0.020944
0.000010 0.062778 0.833414 0.077890 0.025908
0.000010 0.000010 0.921261 0.078709 0.000010
0.000010 0.042173 0.710063 0.152480 0.095273
0.000010 0.067965 0.856795 0.075220 0.000010
0.000010 0.092031 0.832720 0.045912 0.029327
0.000010 0.014815 0.841164 0.133012 0.010999
0.006734 0.065847 0.843022 0.084387 0.000010
0.000014 0.079555 0.869443 0.037567 0.013421
0.000010 0.000010 0.821978 0.102764 0.075238
0.000010 0.082936 0.917034 0.000010 0.000010
0.000010 0.121398 0.797050 0.081532 0.000010
0.000010 0.071228 0.810018 0.046427 0.072316
0.000010 0.022654 0.848907 0.078699 0.049730
0.000010 0.084513 0.877552 0.037914 0.000010
0.000010 0.044145 0.954578 0.001257 0.000010
0.000010 0.096948 0.869085 0.033947 0.000010
0.000010 0.030695 0.835658 0.039680 0.093957
0.022059 0.022477 0.857321 0.083903 0.014240
0.009447 0.032314 0.790477 0.050654 0.117108
0.000010 0.038482 0.891564 0.067819 0.002125
0.007644 0.138171 0.706788 0.044222 0.103174
0.000010 0.038060 0.824337 0.137583 0.000010
0.000010 0.000359 0.842918 0.046613 0.110100
0.000010 0.031782 0.906723 0.057205 0.004281
0.000010 0.037615 0.737573 0.045969 0.178834
0.000010 0.000010 0.905993 0.063819 0.030168
0.000010 0.064988 0.822667 0.057208 0.055127
0.000010 0.006460 0.940541 0.000010 0.052979
0.000010 0.000010 0.746311 0.181902 0.071768
0.000010 0.005112 0.887566 0.085789 0.021523
0.000010 0.000010 0.897074 0.065005 0.037902
0.000010 0.000010 0.842506 0.074760 0.082713
0.000010 0.000010 0.896163 0.103807 0.000010
0.000010 0.000010 0.910966 0.089004 0.000010
0.005578 0.098720 0.764210 0.021359 0.110133
0.000010 0.012255 0.860870 0.101438 0.025427
0.000010 0.000010 0.845501 0.067098 0.087380
0.000010 0.047134 0.840971 0.088458 0.023428
0.000010 0.052480 0.752258 0.111606 0.083646
0.000010 0.056552 0.846337 0.021673 0.075429
0.000010 0.067002 0.849076 0.083902 0.000010
0.000010 0.000304 0.783537 0.000010 0.216139
0.000010 0.000010 0.903664 0.096306 0.000010
0.000010 0.041495 0.835244 0.067974 0.055277
0.000010 0.000010 0.908405 0.091565 0.000010
0.000010 0.021518 0.898688 0.079773 0.000010
0.000010 0.068114 0.813664 0.000010 0.118202
0.006186 0.001294 0.881567 0.066158 0.044795
0.021357 0.145261 0.747807 0.020281 0.065294
0.000010 0.114201 0.817344 0.018010 0.050435
0.000010 0.022256 0.857718 0.120005 0.000010
0.000010 0.120279 0.729249 0.021842 0.128620
0.000010 0.002981 0.901725 0.095274 0.000010
0.000010 0.017391 0.882180 0.100409 0.000010
0.000010 0.010254 0.941494 0.000010 0.048231
0.007166 0.017368 0.008834 0.966623 0.000010
0.000010 0.000010 0.000010 0.999960 0.000010
0.000010 0.016937 0.000010 0.983033 0.000010
0.000010 0.148872 0.000010 0.845235 0.005873
0.000010 0.061657 0.000010 0.932979 0.005343
0.000010 0.056441 0.000010 0.943529 0.000010
0.000010 0.000010 0.000010 0.999960 0.000010
0.012749 0.070120 0.000010 0.917111 0.000010
0.000010 0.081225 0.000010 0.918745 0.000010
0.000010 0.000381 0.000010 0.966387 0.033212
0.000010 0.067576 0.000010 0.932394 0.000010
0.004201 0.000010 0.033725 0.962054 0.000010
0.000010 0.100755 0.000010 0.897753 0.001472
0.008612 0.056394 0.034959 0.879111 0.020925
0.000010 0.036995 0.000010 0.962975 0.000010
0.005292 0.000010 0.000010 0.987207 0.007481
0.000010 0.000010 0.000010 0.999960 0.000010
0.000010 0.106623 0.040839 0.852518 0.000010
0.000010 0.038157 0.000010 0.961813 0.000010
0.000010 0.064983 0.040372 0.852415 0.042220
0.003529 0.000750 0.026585 0.968396 0.000741
0.000010 0.026796 0.000010 0.973174 0.000010
0.000010 0.038264 0.000010 0.961706 0.000010
0.000010 0.020705 0.000010 0.979265 0.000010
0.000010 0.029821 0.000010 0.970149 0.000010
0.000010 0.024169 0.000010 0.975801 0.000010
0.000010 0.054861 0.000010 0.917565 0.027553
0.000010 0.053811 0.009078 0.937091 0.000010
0.000010 0.078412 0.015308 0.881243 0.025027
0.000010 0.000010 0.018357 0.981613 0.000010
0.000010 0.000010 0.000010 0.999960 0.000010
0.000010 0.000010 0.000010 0.999960 0.000010
0.000010 0.010125 0.000010 0.977396 0.012459
0.000010 0.002335 0.000010 0.997635 0.000010
0.000010 0.023642 0.000010 0.976328 0.000010
0.000010 0.020360 0.014519 0.965101 0.000010
0.000010 0.048645 0.000010 0.951325 0.000010
0.000010 0.007124 0.000010 0.992846 0.000010
0.000010 0.104510 0.000010 0.895460 0.000010
0.000010 0.030483 0.018601 0.946340 0.004566
0.000010 0.000010 0.000010 0.999960 0.000010
0.000010 0.000010 0.000010 0.907291 0.092679
0.000010 0.074337 0.000010 0.925633 0.000010
0.000010 0.000010 0.000010 0.945520 0.054450
0.000010 0.084949 0.000010 0.915021 0.000010
0.000010 0.019533 0.003603 0.976844 0.000010
0.000010 0.054382 0.000010 0.945588 0.000010
0.000010 0.042943 0.000010 0.957027 0.000010
0.000010 0.034394 0.000010 0.929190 0.036396
0.000010 0.008942 0.000010 0.977934 0.013104
0.000010 0.032392 0.000010 0.906124 0.061464
0.000010 0.000010 0.000010 0.963691 0.036279
0.000010 0.000010 0.000010 0.966372 0.033598
0.002286 0.026449 0.000010 0.959640 0.011615
0.000010 0.000010 0.000010 0.999960 0.000010
0.000010 0.000010 0.001213 0.998757 0.000010
0.000010 0.000010 0.000010 0.999960 0.000010
0.000010 0.000010 0.012058 0.987912 0.000010
0.000010 0.000010 0.000010 0.999960 0.000010
0.000010 0.019071 0.000010 0.980899 0.000010
0.000010 0.000010 0.013543 0.986427 0.000010
0.000010 0.018244 0.000010 0.981726 0.000010
0.000010 0.042707 0.000010 0.957263 0.000010
0.000010 0.034340 0.000010 0.965630 0.000010
0.000010 0.026847 0.000010 0.973123 0.000010
0.000010 0.000010 0.000010 0.999960 0.000010
0.000010 0.003936 0.011218 0.984826 0.000010
0.000010 0.000010 0.000010 0.999960 0.000010
0.034285 0.064750 0.900946 0.000010 0.000010
0.000010 0.016654 0.809490 0.011304 0.162542
0.290231 0.210024 0.482234 0.000010 0.017502
0.020676 0.070895 0.821119 0.011019 0.076290
0.280230 0.139107 0.542896 0.000010 0.037758
0.000010 0.000010 0.000010 0.999960 0.000010
0.000010 0.000010 0.000010 0.999960 0.000010
0.000010 0.000010 0.000010 0.999960 0.000010
0.000010 0.041677 0.000010 0.958292 0.000010
0.000010 0.032885 0.000010 0.967085 0.000010
0.000010 0.018433 0.000010 0.981537 0.000010
0.000010 0.000379 0.000010 0.999591 0.000010
0.000010 0.000010 0.001976 0.980296 0.017708
0.000010 0.000010 0.000010 0.999960 0.000010
0.000010 0.000131 0.000010 0.999839 0.000010
0.000010 0.047725 0.000010 0.950339 0.001916
0.000010 0.000010 0.000010 0.999960 0.000010
0.000010 0.102584 0.000010 0.897386 0.000010
0.000010 0.046483 0.011926 0.941571 0.000010
0.000010 0.036911 0.000010 0.963059 0.000010
0.000010 0.001626 0.000710 0.997644 0.000010
0.000010 0.000010 0.000010 0.999960 0.000010
0.000010 0.000010 0.000010 0.999960 0.000010
0.000010 0.019949 0.000010 0.937686 0.042344
0.000010 0.000010 0.000010 0.966053 0.033917
0.000010 0.000010 0.000010 0.999960 0.000010
0.000010 0.026209 0.000010 0.973761 0.000010
0.000010 0.039938 0.000010 0.960032 0.000010
0.000010 0.059511 0.000010 0.940459 0.000010
0.000010 0.000010 0.000010 0.999960 0.000010
0.000010 0.051644 0.000010 0.948326 0.000010
0.000010 0.044252 0.000010 0.955718 0.000010
0.000010 0.006405 0.000010 0.993565 0.000010
0.000010 0.000010 0.000010 0.999960 0.000010
0.000012 0.081204 0.000010 0.918764 0.000010
0.000010 0.000010 0.000010 0.986024 0.013946
0.000010 0.070153 0.000010 0.929817 0.000010
0.000010 0.006630 0.014018 0.979331 0.000010
0.000010 0.030847 0.000010 0.962836 0.006297
0.000010 0.019481 0.000010 0.980489 0.000010
0.000010 0.015118 0.000010 0.960509 0.024353
0.000010 0.068882 0.000010 0.929600 0.001498
0.000010 0.068052 0.000010 0.931918 0.000010
0.000010 0.032009 0.000010 0.967961 0.000010
0.000010 0.012469 0.000010 0.987501 0.000010
0.000010 0.046360 0.000010 0.953610 0.000010
0.000010 0.034393 0.023440 0.942147 0.000010
0.000010 0.018195 0.000010 0.981775 0.000010
0.000010 0.049620 0.000010 0.950350 0.000010
0.000010 0.065086 0.000010 0.934884 0.000010
0.000010 0.059705 0.000010 0.940265 0.000010
0.000010 0.048647 0.000010 0.930242 0.021091
0.000010 0.034198 0.000010 0.965772 0.000010
0.000010 0.020774 0.000010 0.979196 0.000010
0.000010 0.015683 0.000010 0.984287 0.000010
0.000010 0.025940 0.000010 0.974030 0.000010
0.000010 0.118675 0.000010 0.881295 0.000010
0.000010 0.037821 0.000010 0.962149 0.000010
0.000010 0.074509 0.000010 0.925461 0.000010
0.100857 0.147177 0.677603 0.003376 0.070986
0.186036 0.387947 0.416970 0.000010 0.009036
0.081300 0.344281 0.566442 0.007967 0.000010
0.009341 0.098498 0.833900 0.034697 0.023564
0.116028 0.155415 0.705292 0.000010 0.023254
0.104298 0.171267 0.679483 0.040208 0.004745
0.000010 0.049437 0.000010 0.950533 0.000010
0.000010 0.000010 0.000010 0.966955 0.033015
0.000010 0.031203 0.000010 0.968767 0.000010
0.000010 0.005825 0.000010 0.994145 0.000010
0.000010 0.000010 0.000010 0.961734 0.038236
0.000010 0.009590 0.000010 0.990380 0.000010
0.000010 0.026368 0.000010 0.945651 0.027961
0.000010 0.007290 0.000010 0.992680 0.000010
0.000010 0.000010 0.000010 0.999960 0.000010
0.000010 0.012701 0.000010 0.972312 0.014967
0.000010 0.012335 0.000010 0.987635 0.000010
0.000010 0.014544 0.000010 0.976628 0.008809
0.000010 0.038119 0.000010 0.961851 0.000010
0.000010 0.088518 0.000010 0.862800 0.048661
0.000010 0.100075 0.000010 0.892704 0.007201
0.000010 0.102199 0.000010 0.881646 0.016135
0.000010 0.000010 0.000010 0.999748 0.000222
0.000010 0.000010 0.000010 0.999960 0.000010
0.000010 0.036174 0.000010 0.963796 0.000010
0.000010 0.000010 0.000010 0.999960 0.000010
0.000010 0.042851 0.000010 0.957119 0.000010
0.000010 0.035497 0.000010 0.944503 0.019980
0.000010 0.061083 0.000010 0.928307 0.010590
0.000010 0.039923 0.000010 0.940649 0.019408
0.000010 0.021629 0.000010 0.978341 0.000010
0.004968 0.026174 0.000010 0.933048 0.035799
0.000010 0.045290 0.004254 0.925864 0.024582
0.000010 0.044482 0.000010 0.924055 0.031443
0.000010 0.076268 0.000010 0.923702 0.000010
0.000010 0.040011 0.000010 0.931886 0.028083
0.000010 0.036079 0.004891 0.959010 0.000010
0.000010 0.004519 0.000010 0.995451 0.000010
0.000010 0.050387 0.000010 0.949583 0.000010
0.000010 0.000010 0.000010 0.999960 0.000010
0.000010 0.014404 0.000010 0.957909 0.027667
0.000010 0.020498 0.000010 0.979472 0.000010
0.000010 0.020721 0.003061 0.962495 0.013713
0.000010 0.007619 0.000010 0.959414 0.032948
0.000010 0.050446 0.000010 0.949524 0.000010
0.000010 0.000010 0.000010 0.980799 0.019171
0.000010 0.023019 0.000010 0.976951 0.000010
0.004299 0.000010 0.983836 0.011846 0.000010
0.067388 0.061952 0.753710 0.084517 0.032433
0.026793 0.034122 0.930336 0.000010 0.008739
0.172953 0.133807 0.638919 0.008412 0.045910
0.041292 0.158682 0.800006 0.000010 0.000010
0.036230 0.166077 0.789067 0.008616 0.000010
0.054346 0.169861 0.759308 0.000010 0.016475
0.036519 0.152882 0.810579 0.000010 0.000010
0.000010 0.028100 0.841305 0.017976 0.112608
0.088576 0.195151 0.534898 0.000010 0.181366
0.075018 0.239837 0.619927 0.009312 0.055906
0.095670 0.069461 0.758239 0.070086 0.006544
0.059002 0.211743 0.703985 0.015007 0.010263
0.000010 0.018778 0.003990 0.977212 0.000010
0.000010 0.000010 0.000431 0.999539 0.000010
0.000010 0.000010 0.000010 0.999960 0.000010
0.000010 0.014955 0.000010 0.957996 0.027030
0.000010 0.000010 0.000010 0.999960 0.000010
0.009456 0.000010 0.000010 0.990514 0.000010
0.000010 0.036233 0.000010 0.962315 0.001432
0.000010 0.039404 0.000010 0.960566 0.000010
0.000010 0.014288 0.000010 0.954950 0.030742
0.000010 0.024447 0.000010 0.971561 0.003972
0.000010 0.060882 0.000010 0.930456 0.008642
0.000010 0.011598 0.000010 0.988372 0.000010
0.000010 0.063866 0.000010 0.936104 0.000010
0.000010 0.042192 0.000010 0.957778 0.000010
0.000010 0.073910 0.000010 0.891203 0.034866
0.017121 0.114718 0.822119 0.021649 0.024394
0.042106 0.341565 0.511953 0.051107 0.053269
0.422013 0.164209 0.413759 0.000010 0.000010
0.129238 0.504093 0.334050 0.000010 0.032610
0.068697 0.175761 0.702985 0.002311 0.050246
0.196550 0.085652 0.695574 0.000010 0.022213
0.192758 0.151512 0.647062 0.000010 0.008658
0.012974 0.294127 0.687001 0.000010 0.005888
0.078247 0.162047 0.759685 0.000010 0.000010
0.036412 0.340139 0.623429 0.000010 0.000010
0.069323 0.308529 0.602650 0.019488 0.000010
0.019927 0.055950 0.784318 0.035256 0.104549
0.071877 0.000010 0.890558 0.037545 0.000010
0.025101 0.000010 0.935204 0.039675 0.000010
0.340921 0.025641 0.589692 0.043736 0.000010
0.055843 0.281915 0.588979 0.068426 0.004836
0.000010 0.318701 0.644201 0.037078 0.000010
0.015729 0.028912 0.872071 0.005345 0.077944
0.022723 0.172063 0.784659 0.000010 0.020545
0.011599 0.083884 0.883938 0.000849 0.019731
0.058306 0.188464 0.649020 0.028368 0.075842
0.007474 0.114695 0.805835 0.071985 0.000010
0.018414 0.308369 0.655305 0.002998 0.014914
0.106184 0.370933 0.449149 0.073724 0.000010
0.010505 0.366248 0.605871 0.017366 0.000010
0.000010 0.053808 0.745895 0.002561 0.197727
0.041899 0.120311 0.663788 0.063947 0.110056
0.016368 0.075921 0.879670 0.028032 0.000010
0.021678 0.228140 0.721604 0.028568 0.000010
0.018193 0.290955 0.690832 0.000010 0.000010
0.000010 0.601596 0.391020 0.000010 0.007363
0.260577 0.109951 0.509241 0.000010 0.120220
0.205008 0.281327 0.513645 0.000010 0.000010
0.018105 0.193023 0.761233 0.027629 0.000010
0.060791 0.247047 0.674292 0.017860 0.000010
0.015063 0.153666 0.805774 0.025487 0.000010
0.316171 0.047754 0.636055 0.000010 0.000010
0.016911 0.080373 0.848285 0.054421 0.000010
0.168362 0.175712 0.655906 0.000010 0.000010
0.088894 0.161482 0.697058 0.000010 0.052556
0.080306 0.023911 0.820549 0.000010 0.075225
0.074939 0.037218 0.867673 0.008193 0.011977
0.050270 0.074375 0.814175 0.061170 0.000010
0.158191 0.213402 0.575031 0.000010 0.053366
0.169236 0.085782 0.734728 0.010244 0.000010
0.244906 0.043314 0.519069 0.000010 0.192701
0.270409 0.207062 0.522509 0.000010 0.000010
0.469809 0.052411 0.434033 0.000010 0.043737
0.462849 0.064556 0.471208 0.000010 0.001378
0.012241 0.110121 0.793015 0.000010 0.084612
0.000010 0.007245 0.967009 0.019060 0.006677
0.000010 0.068463 0.890509 0.000010 0.041008
0.098563 0.027385 0.836348 0.000010 0.037694
0.696832 0.058834 0.244314 0.000010 0.000010
0.450911 0.055715 0.493354 0.000010 0.000010
0.053130 0.319750 0.568358 0.033478 0.025284
0.023034 0.255831 0.635383 0.000010 0.085742
0.000010 0.023837 0.949393 0.026749 0.000010
0.039953 0.287926 0.606380 0.065731 0.000010
0.012126 0.052590 0.842886 0.092389 0.000010
0.012338 0.491069 0.483817 0.008277 0.004498
0.000010 0.500892 0.485539 0.000010 0.013549
0.108466 0.427982 0.397621 0.002327 0.063603
0.058743 0.166411 0.651729 0.058592 0.064525
0.055064 0.090850 0.752111 0.029875 0.072101
0.038373 0.027324 0.813296 0.057595 0.063412
0.027736 0.170651 0.770451 0.012881 0.018281
0.151408 0.156421 0.676420 0.015741 0.000010
0.010157 0.599598 0.390226 0.000010 0.000010
0.003706 0.057480 0.880749 0.026834 0.031231
0.000010 0.299174 0.700796 0.000010 0.000010
0.274499 0.331960 0.393520 0.000010 0.000010
0.110145 0.429720 0.350955 0.000010 0.109170
0.057967 0.354647 0.480355 0.000010 0.107020
0.030031 0.166215 0.601032 0.050316 0.152406
0.000010 0.427930 0.449627 0.017130 0.105303
0.015141 0.231532 0.574970 0.057511 0.120846
0.249338 0.221240 0.493113 0.000010 0.036299
0.000391 0.136567 0.787934 0.049035 0.026072
0.000010 0.381249 0.553601 0.000010 0.065130
0.000010 0.304544 0.607529 0.000010 0.087907
0.070267 0.182587 0.615935 0.000010 0.131201
0.052016 0.198403 0.655825 0.090892 0.002865
0.008247 0.280396 0.711337 0.000010 0.000010
0.156672 0.113284 0.725326 0.000010 0.004708
0.080605 0.102727 0.683618 0.029454 0.103595
0.136994 0.116716 0.683586 0.054316 0.008387
0.159420 0.199285 0.560249 0.049829 0.031216
0.049752 0.303153 0.635498 0.000010 0.011587
0.078690 0.413657 0.505410 0.002232 0.000010
0.064199 0.046004 0.864349 0.025438 0.000010
0.015799 0.064671 0.919510 0.000010 0.000010
0.017452 0.119011 0.863517 0.000010 0.000010
0.093797 0.209154 0.678853 0.000010 0.018185
0.051819 0.120770 0.824193 0.000010 0.003209
0.013767 0.271766 0.714448 0.000010 0.000010
0.136830 0.120636 0.656778 0.000010 0.085745
0.094426 0.051362 0.799302 0.022338 0.032572
0.208412 0.065932 0.713599 0.012047 0.000010
0.085853 0.417284 0.415838 0.081015 0.000010
0.231889 0.091485 0.595414 0.000010 0.081202
0.179234 0.365724 0.384671 0.000860 0.069510
0.182069 0.113266 0.704646 0.000010 0.000010
0.148467 0.474080 0.313966 0.054042 0.009445
0.140055 0.215700 0.592062 0.000010 0.052173
0.104083 0.395481 0.462672 0.016449 0.021315
0.211263 0.073073 0.710673 0.004980 0.000010
0.205625 0.240936 0.553419 0.000010 0.000010
0.052863 0.160803 0.704584 0.065989 0.015760
0.055322 0.218403 0.726255 0.000010 0.000010
0.000010 0.039558 0.881895 0.045532 0.033005
0.019055 0.194609 0.766645 0.019681 0.000010
0.499241 0.054230 0.427586 0.000010 0.018933
0.832794 0.000010 0.066580 0.000010 0.100606
0.829146 0.002705 0.073311 0.009904 0.084934
0.236325 0.111577 0.652078 0.000010 0.000010
0.055995 0.000010 0.720473 0.000010 0.223512
0.024529 0.245702 0.596407 0.009488 0.123875
0.000010 0.188315 0.726868 0.012378 0.072430
0.003045 0.388051 0.608885 0.000010 0.000010
0.000010 0.214969 0.765439 0.019572 0.000010
0.022635 0.112135 0.865209 0.000010 0.000010
0.100093 0.373562 0.403611 0.000010 0.122724
0.068279 0.140862 0.776026 0.014824 0.000010
0.051923 0.128716 0.705915 0.031251 0.082194
0.060348 0.060889 0.649615 0.000010 0.229138
0.084381 0.206787 0.535063 0.000010 0.173759
0.015187 0.018220 0.849201 0.015483 0.101909
0.119910 0.567566 0.286542 0.000010 0.025972
0.126737 0.286021 0.523409 0.000010 0.063823
0.000010 0.335387 0.603431 0.016680 0.044492
0.028085 0.139600 0.796410 0.035894 0.000010
0.354922 0.387419 0.173265 0.000010 0.084385
0.218612 0.319409 0.434734 0.000010 0.027236
0.000010 0.461086 0.345650 0.000010 0.193244
0.000010 0.000010 0.982169 0.017801 0.000010
0.000010 0.239496 0.705247 0.000010 0.055237
0.029221 0.332201 0.602692 0.000010 0.035875
0.000010 0.201533 0.778666 0.019782 0.000010
0.000010 0.207307 0.792663 0.000010 0.000010
0.020872 0.078008 0.849573 0.051537 0.000010
0.009268 0.093166 0.761429 0.079794 0.056343
0.012988 0.050095 0.831465 0.007273 0.098178
0.320810 0.109289 0.545349 0.017878 0.006674
0.076830 0.203462 0.719688 0.000010 0.000010
0.107605 0.024503 0.836841 0.000010 0.031041
0.362874 0.043747 0.578169 0.015201 0.000010
0.223386 0.014517 0.634712 0.076383 0.051001
0.022146 0.041562 0.829485 0.075583 0.031224
0.025914 0.126418 0.759602 0.068738 0.019328
0.040069 0.275793 0.630301 0.000010 0.053827
0.213707 0.048793 0.594052 0.000010 0.143439
0.036376 0.112919 0.850685 0.000010 0.000010
0.000010 0.000010 0.948882 0.031051 0.020047
0.000010 0.694563 0.191267 0.048864 0.065295
0.277136 0.371335 0.267051 0.060969 0.023509
0.167300 0.748376 0.000010 0.073707 0.010607
0.135369 0.314071 0.550539 0.000010 0.000010
0.018875 0.356699 0.607131 0.017285 0.000010
0.142285 0.254679 0.602601 0.000425 0.000010
0.009374 0.057843 0.746083 0.000010 0.186690
0.000010 0.628306 0.316285 0.006591 0.048808
0.000010 0.301664 0.505195 0.000010 0.193121
0.087195 0.270819 0.536628 0.105349 0.000010
0.000010 0.211808 0.787466 0.000706 0.000010
0.013801 0.266576 0.672292 0.047321 0.000010
0.011429 0.349300 0.534136 0.000010 0.105124
0.000010 0.311179 0.662808 0.000010 0.025992
0.008665 0.453281 0.403497 0.000010 0.134547
0.188098 0.478568 0.333314 0.000010 0.000010
0.000010 0.241490 0.732925 0.025565 0.000010
0.011713 0.456264 0.531997 0.000016 0.000010
0.015920 0.151932 0.766521 0.000010 0.065616
0.071393 0.431992 0.450991 0.000010 0.045615
0.031205 0.349497 0.599574 0.000010 0.019714
0.047559 0.390760 0.518437 0.021052 0.022192
0.221136 0.349246 0.416449 0.000010 0.013159
0.009169 0.399512 0.388032 0.152760 0.050527
0.055844 0.231714 0.712422 0.000010 0.000010
0.014264 0.189653 0.751426 0.044646 0.000010
0.016539 0.736730 0.162079 0.007456 0.077196
0.041210 0.382048 0.525536 0.000010 0.051197
0.060140 0.430112 0.500282 0.000010 0.009456
0.232426 0.217776 0.482798 0.066991 0.000010
0.104730 0.321381 0.556381 0.009552 0.007955
0.050562 0.485800 0.459412 0.000010 0.004216
0.000010 0.261422 0.700846 0.002277 0.035445
0.000010 0.481003 0.478788 0.040189 0.000010
0.006856 0.221227 0.771897 0.000010 0.000010
0.208272 0.247810 0.521239 0.000010 0.022669
0.007532 0.339574 0.620443 0.016534 0.015917
0.000010 0.110396 0.810936 0.028952 0.049705
0.408946 0.300114 0.290921 0.000010 0.000010
0.048823 0.373494 0.577663 0.000010 0.000010
0.302534 0.079454 0.561903 0.000010 0.056100
0.054228 0.092434 0.808974 0.000010 0.044355
0.000010 0.261821 0.709357 0.000010 0.028802
0.137775 0.125639 0.663730 0.000010 0.072846
0.000010 0.156257 0.843713 0.000010 0.000010
0.309746 0.244807 0.400222 0.035389 0.009836
0.201184 0.359953 0.399134 0.000010 0.039719
0.069425 0.000010 0.811825 0.113881 0.004859
0.120943 0.095012 0.641937 0.000010 0.142098
0.149494 0.388422 0.453997 0.000010 0.008077
0.202511 0.264098 0.456661 0.076720 0.000010
0.171746 0.094699 0.733535 0.000010 0.000010
0.000010 0.101281 0.782900 0.115799 0.000010
0.153441 0.041327 0.745741 0.059481 0.000010
0.137996 0.353849 0.508135 0.000010 0.000010
0.039435 0.055569 0.794789 0.089164 0.021042
0.000010 0.015687 0.965340 0.018954 0.000010
0.016657 0.000010 0.937839 0.045484 0.000010
0.160082 0.187647 0.634487 0.000010 0.017774
0.011255 0.406727 0.456826 0.116856 0.008337
0.025285 0.744144 0.230551 0.000010 0.000010
0.264313 0.138560 0.556538 0.011514 0.029076
0.069364 0.202291 0.676857 0.051479 0.000010
0.030095 0.278459 0.654285 0.000010 0.037152
0.000010 0.321672 0.577840 0.068089 0.032389
0.009391 0.358027 0.542233 0.000010 0.090338
0.047049 0.290664 0.658743 0.000010 0.003534
0.108251 0.477319 0.293107 0.077050 0.044273
0.159166 0.536855 0.293366 0.000010 0.010602
0.252132 0.474159 0.203539 0.045795 0.024375
0.281975 0.227604 0.304236 0.085864 0.100321
0.000010 0.202228 0.797742 0.000010 0.000010
0.062695 0.384034 0.527388 0.025873 0.000010
0.000010 0.105511 0.894459 0.000010 0.000010
0.015036 0.020707 0.887321 0.029798 0.047139
0.206518 0.163761 0.629701 0.000010 0.000010
0.372935 0.213951 0.356250 0.039266 0.017597
0.011834 0.184204 0.691680 0.054583 0.057698
0.086709 0.346175 0.550684 0.000475 0.015957
0.007987 0.028033 0.839197 0.000010 0.124773
0.012458 0.037563 0.798908 0.000010 0.151060
0.055564 0.219932 0.686205 0.006795 0.031504
0.019887 0.038776 0.933029 0.008297 0.000010
0.047580 0.124087 0.810892 0.007386 0.010055
0.452623 0.218841 0.328516 0.000010 0.000010
0.123907 0.230902 0.645171 0.000010 0.000010
0.399071 0.228686 0.372224 0.000010 0.000010
0.000010 0.308469 0.662465 0.000010 0.029047
0.033797 0.147143 0.738200 0.080850 0.000010
0.024289 0.250764 0.712195 0.012742 0.000010
0.020727 0.036086 0.871738 0.000010 0.071439
0.021645 0.000010 0.956197 0.022138 0.000010
0.034303 0.000010 0.928236 0.000690 0.036761
0.012371 0.000010 0.965142 0.000010 0.022467
0.007789 0.000010 0.957927 0.000010 0.034264
0.010152 0.000010 0.989818 0.000010 0.000010
0.000010 0.049500 0.949386 0.001094 0.000010
0.000010 0.014746 0.919217 0.000010 0.066017
0.000010 0.027010 0.936006 0.000010 0.036964
0.000010 0.000010 0.956959 0.000010 0.043011
0.048471 0.000010 0.938627 0.012882 0.000010
0.028934 0.000010 0.952876 0.018171 0.000010
0.000010 0.025984 0.961153 0.000010 0.012843
0.000010 0.000010 0.889387 0.000010 0.110583
0.000010 0.031871 0.884970 0.000010 0.083138
0.000010 0.005214 0.994756 0.000010 0.000010
0.013136 0.051926 0.934918 0.000010 0.000010
0.000010 0.022532 0.977438 0.000010 0.000010
0.000010 0.000010 0.963960 0.036010 0.000010
0.001850 0.006280 0.928723 0.032838 0.030308
0.000010 0.000010 0.966716 0.033254 0.000010
0.000239 0.008557 0.972497 0.018697 0.000010
0.000010 0.000010 0.862065 0.005797 0.132117
0.000010 0.000010 0.957694 0.032460 0.009827
0.023692 0.000010 0.976278 0.000010 0.000010
0.040832 0.034654 0.914775 0.001990 0.007750
0.038413 0.018789 0.940869 0.000010 0.001919
0.000010 0.000991 0.895198 0.061569 0.042232
0.025208 0.014700 0.960072 0.000010 0.000010
0.000010 0.000010 0.919541 0.062433 0.018006
0.000010 0.029294 0.719913 0.036456 0.214328
0.036419 0.000010 0.949233 0.000010 0.014329
0.012040 0.026081 0.766206 0.015753 0.179920
0.026293 0.021574 0.930464 0.019454 0.002216
0.000010 0.041129 0.945728 0.000010 0.013123
0.000010 0.009870 0.932668 0.013183 0.044269
0.014778 0.323868 0.641399 0.019945 0.000010
0.410479 0.186463 0.398327 0.004720 0.000010
0.313850 0.335439 0.275158 0.004726 0.070826
0.302557 0.254765 0.432778 0.000010 0.009890
0.000010 0.917174 0.082796 0.000010 0.000010
0.000010 0.371804 0.560003 0.000010 0.068174
0.000010 0.474148 0.491871 0.000010 0.033961
0.000010 0.581028 0.371583 0.000010 0.047368
0.000010 0.730394 0.188031 0.053955 0.027609
0.000010 0.479227 0.405936 0.040005 0.074821
0.086139 0.448089 0.426956 0.037344 0.001473
0.000010 0.704796 0.295174 0.000010 0.000010
0.000010 0.721994 0.277976 0.000010 0.000010
0.000010 0.000010 0.215952 0.044213 0.739815
0.001733 0.028921 0.451727 0.098572 0.419048
0.000010 0.027756 0.404523 0.062965 0.504746
0.000010 0.032380 0.439934 0.000010 0.527666
0.000010 0.035871 0.000010 0.964099 0.000010
0.000010 0.000010 0.000010 0.948645 0.051325
0.000010 0.000010 0.000010 0.999960 0.000010
0.008476 0.049537 0.000010 0.939082 0.002895
0.017262 0.000010 0.000010 0.949534 0.033184
0.002564 0.008912 0.002783 0.985731 0.000010
0.010871 0.077616 0.887363 0.000010 0.024141
0.033957 0.053400 0.873947 0.000010 0.038686
0.053834 0.062428 0.841090 0.000010 0.042638
0.000010 0.000010 0.999960 0.000010 0.000010
0.000010 0.000010 0.999960 0.000010 0.000010
0.008484 0.022950 0.967948 0.000010 0.000608
0.000010 0.086250 0.893257 0.000010 0.020474
0.018877 0.000010 0.926835 0.054267 0.000010
0.000010 0.029408 0.913256 0.057316 0.000010
0.000010 0.000010 0.944803 0.055167 0.000010
0.000010 0.000010 0.951670 0.048300 0.000010
0.006584 0.015903 0.896719 0.000010 0.080784
0.032803 0.000010 0.798162 0.057820 0.111205
0.032215 0.000010 0.916586 0.017394 0.033795
0.010642 0.000010 0.983572 0.005766 0.000010
0.000010 0.017145 0.805126 0.013533 0.164186
0.000010 0.016324 0.955196 0.015842 0.012628
0.000010 0.020529 0.814062 0.000010 0.165388
0.003396 0.000010 0.989073 0.000010 0.007511
0.008674 0.018895 0.853377 0.000010 0.119044
0.000010 0.000010 0.964218 0.000010 0.035752
0.075013 0.000010 0.917268 0.000010 0.007699
0.004038 0.008150 0.942987 0.000010 0.044814
0.075444 0.011901 0.894842 0.000010 0.017803
0.000010 0.029619 0.913302 0.000010 0.057059
0.029512 0.019825 0.885509 0.065144 0.000010
0.000010 0.067437 0.932533 0.000010 0.000010
0.176193 0.037167 0.786620 0.000010 0.000010
0.115209 0.002155 0.845591 0.037035 0.000010
0.021365 0.036727 0.913128 0.028770 0.000010
0.000010 0.000010 0.951904 0.048066 0.000010
0.012386 0.022081 0.951328 0.014195 0.000010
0.010068 0.000010 0.932598 0.057314 0.000010
0.037256 0.000010 0.931096 0.031628 0.000010
0.027680 0.003468 0.938629 0.000010 0.030213
0.062155 0.000010 0.920311 0.017514 0.000010
0.076723 0.075767 0.777030 0.063496 0.006984
0.035009 0.086915 0.849054 0.029012 0.000010
0.030893 0.094874 0.805647 0.000010 0.068576
0.000010 0.000010 0.832029 0.010321 0.157629
0.000010 0.004052 0.910125 0.050640 0.035173
0.000010 0.028187 0.971783 0.000010 0.000010
0.000010 0.020326 0.979644 0.000010 0.000010
0.000010 0.021316 0.978654 0.000010 0.000010
0.000010 0.003483 0.969195 0.018971 0.008341
0.000010 0.000010 0.987716 0.012254 0.000010
0.000010 0.000010 0.924264 0.075706 0.000010
0.000010 0.000010 0.973991 0.025979 0.000010
0.000010 0.000010 0.949368 0.038783 0.011829
0.000010 0.012428 0.987542 0.000010 0.000010
0.000010 0.006573 0.985807 0.007600 0.000010
0.076487 0.001740 0.892051 0.029712 0.000010
0.025922 0.003175 0.888023 0.042893 0.039987
0.098178 0.015131 0.832814 0.008274 0.045602
0.024257 0.000010 0.769250 0.006990 0.199493
0.016986 0.000010 0.869910 0.057710 0.055384
0.006449 0.035128 0.874420 0.003518 0.080484
0.020696 0.000010 0.979274 0.000010 0.000010
0.020410 0.000010 0.951098 0.000010 0.028473
0.012865 0.000010 0.934439 0.000010 0.052677
0.000010 0.005743 0.994227 0.000010 0.000010
0.000010 0.000010 0.999960 0.000010 0.000010
0.000010 0.000010 0.978067 0.000010 0.021903
0.025830 0.058508 0.843476 0.000010 0.072177
0.010561 0.047538 0.879486 0.000010 0.062405
0.023134 0.060465 0.863437 0.000010 0.052953
0.043386 0.018879 0.893768 0.000010 0.043957
0.004975 0.032868 0.858453 0.000010 0.103693
0.036895 0.001059 0.915834 0.000010 0.046203
0.000010 0.004517 0.987972 0.007491 0.000010
0.000010 0.000010 0.879723 0.093617 0.026640
0.000010 0.021561 0.978409 0.000010 0.000010
0.005545 0.000010 0.888081 0.000010 0.106353
0.024590 0.031061 0.944329 0.000010 0.000010
0.000010 0.000010 0.999960 0.000010 0.000010
0.019110 0.000010 0.886890 0.075157 0.018832
0.000010 0.000010 0.915302 0.062618 0.022061
0.024216 0.000010 0.940046 0.035718 0.000010
0.013524 0.009141 0.962214 0.000010 0.015111
0.013282 0.000010 0.884252 0.099907 0.002549
0.000010 0.000010 0.948164 0.051806 0.000010
0.032007 0.000010 0.825879 0.000010 0.142095
0.062664 0.030536 0.854372 0.052418 0.000010
0.012613 0.017172 0.876578 0.014055 0.079582
0.000010 0.001273 0.983438 0.015269 0.000010
0.031224 0.000010 0.946532 0.022223 0.000010
0.000010 0.000010 0.972109 0.000010 0.027861
0.000010 0.000010 0.994525 0.005445 0.000010
0.000010 0.094170 0.905797 0.000013 0.000010
0.000010 0.042903 0.887611 0.021756 0.047721
0.000010 0.000010 0.831266 0.000010 0.168704
0.000010 0.023374 0.976596 0.000010 0.000010
0.000010 0.028526 0.893462 0.000010 0.077992
0.000010 0.000010 0.977501 0.022469 0.000010
0.009158 0.016483 0.952819 0.021530 0.000010
0.007638 0.001057 0.866619 0.034933 0.089754
0.005210 0.018421 0.842296 0.000010 0.134063
0.018310 0.042674 0.938996 0.000010 0.000010
0.017204 0.020113 0.948942 0.000388 0.013353
0.032202 0.000010 0.942122 0.025655 0.000010
0.003476 0.017697 0.973548 0.000010 0.005269
0.000010 0.063627 0.854772 0.051947 0.029643
0.000010 0.000010 0.844209 0.000739 0.155032
0.000010 0.027438 0.893265 0.000010 0.079277
0.000010 0.000010 0.940595 0.000010 0.059375
0.000010 0.000010 0.000010 0.977130 0.022840
0.000463 0.000010 0.000010 0.989780 0.009737
0.000010 0.000010 0.000010 0.999960 0.000010
0.000010 0.010521 0.000010 0.966975 0.022485
0.000010 0.027101 0.000010 0.949444 0.023436
0.000010 0.000010 0.000010 0.963238 0.036732
0.000010 0.034406 0.000010 0.913836 0.051738
0.000010 0.000010 0.000010 0.964677 0.035293
0.000010 0.010436 0.030221 0.959323 0.000010
0.000010 0.007726 0.000010 0.992244 0.000010
0.000010 0.043541 0.000010 0.946962 0.009477
0.000010 0.003306 0.000010 0.996664 0.000010
0.000010 0.028704 0.000010 0.953626 0.017650
0.000010 0.000010 0.000010 0.999960 0.000010
0.000010 0.000010 0.000010 0.999960 0.000010
0.002968 0.050738 0.000010 0.946274 0.000010
0.000010 0.050901 0.000010 0.899318 0.049761
0.000010 0.000199 0.000010 0.999771 0.000010
0.000010 0.000010 0.000010 0.999960 0.000010
0.000010 0.008214 0.000010 0.991756 0.000010
0.000010 0.000010 0.000010 0.987522 0.012448
0.000010 0.058170 0.000010 0.849291 0.092519
0.000010 0.000010 0.000010 0.999960 0.000010
0.000010 0.011605 0.000010 0.977971 0.010404
0.000010 0.066670 0.000010 0.927294 0.006016
0.000010 0.000010 0.000010 0.999960 0.000010
0.000010 0.015692 0.041559 0.928099 0.014640
0.000010 0.007193 0.000010 0.992777 0.000010
0.000010 0.027230 0.000010 0.846309 0.126441
0.000010 0.000010 0.000010 0.891566 0.108404
0.003534 0.000010 0.000010 0.918982 0.077464
0.000010 0.055311 0.006304 0.870034 0.068342
0.002524 0.000010 0.053941 0.913232 0.030293
0.000532 0.027442 0.000010 0.950944 0.021072
0.000010 0.000010 0.000010 0.909296 0.090674
0.000010 0.000010 0.000010 0.986008 0.013962
0.000010 0.000010 0.005242 0.975186 0.019552
0.000010 0.000010 0.000010 0.866060 0.133910
0.000010 0.000010 0.015044 0.984926 0.000010
0.000010 0.008940 0.048456 0.942585 0.000010
0.000010 0.000010 0.045458 0.937773 0.016749
0.000010 0.000010 0.000010 0.999960 0.000010
0.000010 0.000010 0.000010 0.961754 0.038216
0.000010 0.000010 0.000010 0.999960 0.000010
0.000010 0.005687 0.000010 0.959198 0.035094
0.000010 0.035812 0.000010 0.912998 0.051170
0.000010 0.000010 0.000010 0.986805 0.013165
0.000010 0.027578 0.000010 0.932195 0.040207
0.000010 0.000010 0.007961 0.953498 0.038521
0.000010 0.001379 0.009059 0.983411 0.006141
0.000010 0.082564 0.000010 0.852512 0.064904
0.000010 0.000010 0.000010 0.999960 0.000010
0.000010 0.000010 0.000010 0.974828 0.025142
0.000010 0.000010 0.000010 0.999960 0.000010
0.000010 0.000010 0.000010 0.935967 0.064003
0.010295 0.009623 0.011531 0.844196 0.124355
0.811842 0.033507 0.154169 0.000010 0.000472
0.469025 0.026040 0.042132 0.144838 0.317965
0.939003 0.004708 0.003285 0.000010 0.052995
0.932241 0.013510 0.044711 0.000010 0.009529
0.625738 0.017716 0.319641 0.000010 0.036894
0.924420 0.056316 0.003124 0.000010 0.016130
0.835749 0.071967 0.092264 0.000010 0.000010
0.588978 0.018903 0.370737 0.000010 0.021372
0.803115 0.024609 0.149337 0.000010 0.022929
0.802406 0.035305 0.118575 0.000010 0.043705
0.999960 0.000010 0.000010 0.000010 0.000010
0.921935 0.011875 0.049625 0.016555 0.000010
0.965013 0.012430 0.022537 0.000010 0.000010
0.069353 0.683676 0.240707 0.006254 0.000010
0.000010 0.789594 0.079208 0.000010 0.131178
0.851213 0.000010 0.147147 0.000010 0.001620
0.775331 0.000010 0.224639 0.000010 0.000010
0.991240 0.000010 0.008730 0.000010 0.000010
0.933724 0.000010 0.043163 0.012181 0.010922
0.048351 0.614913 0.336716 0.000010 0.000010
0.830210 0.000010 0.119664 0.000010 0.050106
0.689246 0.006263 0.257463 0.000010 0.047019
0.950563 0.000010 0.038161 0.011071 0.000196
0.664599 0.003081 0.312978 0.000010 0.019332
0.000010 0.758434 0.195881 0.045665 0.000010
0.000010 0.547793 0.398516 0.053671 0.000010
0.000010 0.497627 0.377968 0.124385 0.000010
0.000010 0.947302 0.000010 0.052668 0.000010
0.016330 0.834241 0.038536 0.045497 0.065396
0.000010 0.999960 0.000010 0.000010 0.000010
0.000012 0.974125 0.000010 0.025843 0.000010
0.253066 0.630432 0.082664 0.013272 0.020566
0.215075 0.784895 0.000010 0.000010 0.000010
0.000010 0.999960 0.000010 0.000010 0.000010
0.000010 0.994554 0.000010 0.000010 0.005416
0.000010 0.999960 0.000010 0.000010 0.000010
0.000010 0.766475 0.233495 0.000010 0.000010
