0.000010 0.000010 0.999980
0.071023 0.000010 0.928967
0.016611 0.000010 0.983379
0.010875 0.000010 0.989115
0.010482 0.000010 0.989508
0.014740 0.000010 0.985250
0.001026 0.000010 0.998964
0.000010 0.000010 0.999980
0.043276 0.000010 0.956714
0.000011 0.000010 0.999979
0.029274 0.013521 0.957205
0.016392 0.000010 0.983598
0.014764 0.000010 0.985226
0.028286 0.000010 0.971704
0.000010 0.000010 0.999980
0.000010 0.000010 0.999980
0.072713 0.000010 0.927277
0.019976 0.000010 0.980014
0.004099 0.000010 0.995891
0.000010 0.000010 0.999980
0.000010 0.000010 0.999980
0.000010 0.000010 0.999980
0.000010 0.000010 0.999980
0.000010 0.005704 0.994286
0.054705 0.000010 0.945285
0.010249 0.000010 0.989741
0.000010 0.000010 0.999980
0.000010 0.000010 0.999980
0.055936 0.000010 0.944054
0.000010 0.000010 0.999980
0.051478 0.000010 0.948512
0.044156 0.000010 0.955834
0.017330 0.000010 0.982660
0.016217 0.000010 0.983773
0.077262 0.005740 0.916998
0.000010 0.000010 0.999980
0.020091 0.000010 0.979899
0.000010 0.024929 0.975061
0.000010 0.000010 0.999980
0.050373 0.000010 0.949617
0.045500 0.000010 0.954490
0.067725 0.023802 0.908473
0.000010 0.000010 0.999980
0.000010 0.000010 0.999980
0.000010 0.000010 0.999980
0.017354 0.000010 0.982636
0.000010 0.024954 0.975036
0.023827 0.000010 0.976163
0.000010 0.000010 0.999980
0.000010 0.000010 0.999980
0.008833 0.000010 0.991157
0.020041 0.000010 0.979949
0.024803 0.007459 0.967738
0.000010 0.009286 0.990704
0.000010 0.000010 0.999980
0.099954 0.000010 0.900036
0.107240 0.000010 0.892750
0.068515 0.000010 0.931475
0.050422 0.000010 0.949568
0.069282 0.000010 0.930708
0.004548 0.000010 0.995442
0.106449 0.000010 0.893541
0.000010 0.000010 0.999980
0.009460 0.048766 0.941774
0.150889 0.002325 0.846786
0.165011 0.000010 0.834979
0.112432 0.000010 0.887558
0.000010 0.000010 0.999980
0.048448 0.000010 0.951542
0.104647 0.001649 0.893704
0.077827 0.000010 0.922163
0.082036 0.003620 0.914344
0.017402 0.000010 0.982588
0.000010 0.000010 0.999980
0.054018 0.000010 0.945972
0.005752 0.007545 0.986702
0.005978 0.000010 0.994012
0.013197 0.010432 0.976371
0.000010 0.000010 0.999980
0.000010 0.000010 0.999980
0.037327 0.001255 0.961418
0.000010 0.000010 0.999980
0.006732 0.000010 0.993258
0.007389 0.000010 0.992601
0.023367 0.000010 0.976623
0.073851 0.000010 0.926139
0.034379 0.000010 0.965611
0.011784 0.000010 0.988206
0.000010 0.000010 0.999980
0.040089 0.000010 0.959901
0.000010 0.000010 0.999980
0.000010 0.000010 0.999980
0.034525 0.000010 0.965465
0.045640 0.014881 0.939479
0.002367 0.000010 0.997623
0.034455 0.000010 0.965535
0.000010 0.000010 0.999980
0.037576 0.000010 0.962414
0.000010 0.000010 0.999980
0.020746 0.000010 0.979244
0.000010 0.000010 0.999980
0.071298 0.000010 0.928692
0.000010 0.000010 0.999980
0.187698 0.000010 0.812292
0.109312 0.000010 0.890678
0.029415 0.000010 0.970575
0.142711 0.000010 0.857279
0.071069 0.000010 0.928921
0.092865 0.000010 0.907125
0.042487 0.000010 0.957503
0.114961 0.000010 0.885029
0.113910 0.000010 0.886080
0.198894 0.000010 0.801096
0.000010 0.000010 0.999980
0.114133 0.000010 0.885857
0.129652 0.000010 0.870338
0.105514 0.000010 0.894476
0.050598 0.000010 0.949392
0.132041 0.000010 0.867949
0.047937 0.000010 0.952053
0.070770 0.000010 0.929220
0.063879 0.022437 0.913685
0.115832 0.000010 0.884158
0.059573 0.000010 0.940417
0.034912 0.000010 0.965078
0.037604 0.000010 0.962386
0.119404 0.000010 0.880586
0.026294 0.005679 0.968027
0.110672 0.000010 0.889318
0.155227 0.000010 0.844763
0.098913 0.000010 0.901077
0.053312 0.000010 0.946678
0.194700 0.000010 0.805290
0.092369 0.000010 0.907621
0.092859 0.000010 0.907131
0.121817 0.000010 0.878173
0.102624 0.003912 0.893464
0.067494 0.000010 0.932496
0.105141 0.000010 0.894849
0.001410 0.000010 0.998580
0.132055 0.000010 0.867935
0.085994 0.000010 0.913996
0.089714 0.000010 0.910276
0.070720 0.000010 0.929270
0.019812 0.000010 0.980178
0.066793 0.000010 0.933197
0.072254 0.000010 0.927736
0.084168 0.018901 0.896931
0.089259 0.009873 0.900868
0.069182 0.000010 0.930808
0.135786 0.006588 0.857625
0.139521 0.000010 0.860469
0.058784 0.000010 0.941206
0.046339 0.000010 0.953651
0.117245 0.000010 0.882745
0.054782 0.000010 0.945208
0.090665 0.000010 0.909325
0.000010 0.000010 0.999980
0.188691 0.000010 0.811299
0.076970 0.000010 0.923020
0.050680 0.000010 0.949310
0.079678 0.000010 0.920312
0.080961 0.000010 0.919029
0.066371 0.000010 0.933619
0.101747 0.005020 0.893233
0.097356 0.000010 0.902634
0.077932 0.000010 0.922058
0.100451 0.000010 0.899539
0.153986 0.000010 0.846004
0.052964 0.000010 0.947026
0.107308 0.000010 0.892682
0.061435 0.000010 0.938555
0.076960 0.000010 0.923030
0.093719 0.000010 0.906271
0.072290 0.000010 0.927700
0.075064 0.000010 0.924926
0.025867 0.000010 0.974123
0.061387 0.003922 0.934692
0.098318 0.013060 0.888622
0.083687 0.000010 0.916303
0.113225 0.000010 0.886765
0.094306 0.000010 0.905684
0.081445 0.000010 0.918545
0.093347 0.000010 0.906643
0.000010 0.000010 0.999980
0.992825 0.007165 0.000010
0.999980 0.000010 0.000010
0.999980 0.000010 0.000010
0.995837 0.000010 0.004153
0.999980 0.000010 0.000010
0.999980 0.000010 0.000010
0.999980 0.000010 0.000010
0.989157 0.010833 0.000010
0.999980 0.000010 0.000010
0.999980 0.000010 0.000010
0.999980 0.000010 0.000010
0.967911 0.000937 0.031152
0.999980 0.000010 0.000010
0.942716 0.005637 0.051647
0.999980 0.000010 0.000010
0.993635 0.006355 0.000010
0.999980 0.000010 0.000010
0.941417 0.000010 0.058573
0.999980 0.000010 0.000010
0.923101 0.000010 0.076889
0.972004 0.000010 0.027986
0.999980 0.000010 0.000010
0.999980 0.000010 0.000010
0.999980 0.000010 0.000010
0.999980 0.000010 0.000010
0.999980 0.000010 0.000010
0.997996 0.000010 0.001994
0.988544 0.000010 0.011446
0.969006 0.000010 0.030984
0.987511 0.004451 0.008038
0.999980 0.000010 0.000010
0.999980 0.000010 0.000010
0.999980 0.000010 0.000010
0.999980 0.000010 0.000010
0.999980 0.000010 0.000010
0.995704 0.000010 0.004286
0.999980 0.000010 0.000010
0.999980 0.000010 0.000010
0.999980 0.000010 0.000010
0.982997 0.000010 0.016993
0.999980 0.000010 0.000010
0.967110 0.000010 0.032880
0.999980 0.000010 0.000010
0.999980 0.000010 0.000010
0.999980 0.000010 0.000010
0.999980 0.000010 0.000010
0.999980 0.000010 0.000010
0.999980 0.000010 0.000010
0.999980 0.000010 0.000010
0.999980 0.000010 0.000010
0.990305 0.000010 0.009685
0.999980 0.000010 0.000010
0.999980 0.000010 0.000010
0.996904 0.003086 0.000010
0.999980 0.000010 0.000010
0.999980 0.000010 0.000010
0.999980 0.000010 0.000010
0.989714 0.000010 0.010276
0.999980 0.000010 0.000010
0.999980 0.000010 0.000010
0.998467 0.000010 0.001523
0.999980 0.000010 0.000010
0.999980 0.000010 0.000010
0.999980 0.000010 0.000010
0.999980 0.000010 0.000010
0.999973 0.000017 0.000010
0.999980 0.000010 0.000010
0.999980 0.000010 0.000010
0.033813 0.027676 0.938512
0.072017 0.000010 0.927973
0.102165 0.277677 0.620158
0.052619 0.018920 0.928461
0.058083 0.271785 0.670132
0.999980 0.000010 0.000010
0.999980 0.000010 0.000010
0.999980 0.000010 0.000010
0.999980 0.000010 0.000010
0.999980 0.000010 0.000010
0.999980 0.000010 0.000010
0.999980 0.000010 0.000010
0.991179 0.000010 0.008811
0.999980 0.000010 0.000010
0.999980 0.000010 0.000010
0.999980 0.000010 0.000010
0.999980 0.000010 0.000010
0.999980 0.000010 0.000010
0.989234 0.000010 0.010756
0.999972 0.000018 0.000010
0.999980 0.000010 0.000010
0.999980 0.000010 0.000010
0.999980 0.000010 0.000010
0.985033 0.000010 0.014957
0.999980 0.000010 0.000010
0.999980 0.000010 0.000010
0.999980 0.000010 0.000010
0.999980 0.000010 0.000010
0.999980 0.000010 0.000010
0.999980 0.000010 0.000010
0.999980 0.000010 0.000010
0.999980 0.000010 0.000010
0.999980 0.000010 0.000010
0.999980 0.000010 0.000010
0.999980 0.000010 0.000010
0.999980 0.000010 0.000010
0.999980 0.000010 0.000010
0.988330 0.000010 0.011660
0.999980 0.000010 0.000010
0.999980 0.000010 0.000010
0.999980 0.000010 0.000010
0.979209 0.000010 0.020781
0.999980 0.000010 0.000010
0.999980 0.000010 0.000010
0.999980 0.000010 0.000010
0.999980 0.000010 0.000010
0.977053 0.000010 0.022937
0.999980 0.000010 0.000010
0.999980 0.000010 0.000010
0.999980 0.000010 0.000010
0.999980 0.000010 0.000010
0.998526 0.000010 0.001464
0.999980 0.000010 0.000010
0.999980 0.000010 0.000010
0.999980 0.000010 0.000010
0.999980 0.000010 0.000010
0.999980 0.000010 0.000010
0.999980 0.000010 0.000010
0.999980 0.000010 0.000010
0.109915 0.092828 0.797256
0.226941 0.177387 0.595672
0.224053 0.070359 0.705588
0.079613 0.008201 0.912186
0.084019 0.103769 0.812212
0.139103 0.089931 0.770966
0.999980 0.000010 0.000010
0.999980 0.000010 0.000010
0.999980 0.000010 0.000010
0.999980 0.000010 0.000010
0.999976 0.000014 0.000010
0.999980 0.000010 0.000010
0.988476 0.000010 0.011514
0.999980 0.000010 0.000010
0.999980 0.000010 0.000010
0.999980 0.000010 0.000010
0.999980 0.000010 0.000010
0.999980 0.000010 0.000010
0.999980 0.000010 0.000010
0.991865 0.000010 0.008125
0.989106 0.000010 0.010884
0.999980 0.000010 0.000010
0.999980 0.000010 0.000010
0.999980 0.000010 0.000010
0.999980 0.000010 0.000010
0.999980 0.000010 0.000010
0.999980 0.000010 0.000010
0.992186 0.000010 0.007804
0.999980 0.000010 0.000010
0.999730 0.000010 0.000260
0.999980 0.000010 0.000010
0.985726 0.014264 0.000010
0.982060 0.000010 0.017930
0.999974 0.000016 0.000010
0.999980 0.000010 0.000010
0.991057 0.000010 0.008933
0.990020 0.000010 0.009970
0.999980 0.000010 0.000010
0.999980 0.000010 0.000010
0.999980 0.000010 0.000010
0.999980 0.000010 0.000010
0.999980 0.000010 0.000010
0.995569 0.000010 0.004421
0.999980 0.000010 0.000010
0.999980 0.000010 0.000010
0.999980 0.000010 0.000010
0.999980 0.000010 0.000010
0.007329 0.000010 0.992661
0.116907 0.059583 0.823509
0.000010 0.009476 0.990514
0.082803 0.163585 0.753613
0.061217 0.032966 0.905817
0.100688 0.015470 0.883842
0.084100 0.046801 0.869099
0.066956 0.031639 0.901405
0.048756 0.000010 0.951234
0.156667 0.086667 0.756666
0.169436 0.061892 0.768673
0.101352 0.085697 0.812951
0.123294 0.047996 0.828710
0.999980 0.000010 0.000010
0.999980 0.000010 0.000010
0.999980 0.000010 0.000010
0.999980 0.000010 0.000010
0.999980 0.000010 0.000010
0.994430 0.005560 0.000010
0.998311 0.000010 0.001679
0.999980 0.000010 0.000010
0.999980 0.000010 0.000010
0.999980 0.000010 0.000010
0.999980 0.000010 0.000010
0.999980 0.000010 0.000010
0.999980 0.000010 0.000010
0.999980 0.000010 0.000010
0.978245 0.000010 0.021745
0.080234 0.002364 0.917402
0.285821 0.027182 0.686997
0.056324 0.420938 0.522738
0.324358 0.109548 0.566094
0.130271 0.058890 0.810839
0.037899 0.193793 0.768309
0.081612 0.184420 0.733968
0.128015 0.008309 0.863676
0.073913 0.065686 0.860401
0.163560 0.022282 0.814158
0.203357 0.058936 0.737707
0.079806 0.018171 0.902023
0.018561 0.074392 0.907047
0.017926 0.028094 0.953980
0.046151 0.339229 0.614620
0.243028 0.041487 0.715485
0.230058 0.000010 0.769932
0.022790 0.011567 0.965643
0.103911 0.007526 0.888563
0.036896 0.010133 0.952971
0.168198 0.049613 0.782189
0.131805 0.006209 0.861986
0.182366 0.013128 0.804507
0.317947 0.094526 0.587527
0.232740 0.010019 0.757241
0.102046 0.000010 0.897944
0.164995 0.042729 0.792276
0.056356 0.015549 0.928094
0.171979 0.011352 0.816669
0.172089 0.016591 0.811320
0.308980 0.000010 0.691010
0.095875 0.261282 0.642843
0.166228 0.191427 0.642344
0.133126 0.011933 0.854941
0.167213 0.049791 0.782996
0.102549 0.009572 0.887880
0.000010 0.309915 0.690075
0.078258 0.015529 0.906213
0.097716 0.154980 0.747304
0.086530 0.085524 0.827946
0.004101 0.079195 0.916703
0.010700 0.069643 0.919657
0.090298 0.042613 0.867089
0.076623 0.153697 0.769681
0.033105 0.168308 0.798587
0.080950 0.249834 0.669216
0.090716 0.261441 0.647843
0.000010 0.470699 0.529291
0.002725 0.458647 0.538628
0.080508 0.003768 0.915724
0.002761 0.000010 0.997229
0.033598 0.000010 0.966392
0.004048 0.094469 0.901484
0.000010 0.696055 0.303935
0.002257 0.450014 0.547728
0.227988 0.039034 0.732979
0.143127 0.017992 0.838880
0.017133 0.000010 0.982857
0.245547 0.025153 0.729301
0.106290 0.008377 0.885333
0.317166 0.000010 0.682824
0.253712 0.000010 0.746278
0.291738 0.091422 0.616840
0.171514 0.050383 0.778104
0.101872 0.045495 0.852633
0.072041 0.039561 0.888397
0.119160 0.019002 0.861838
0.094388 0.142752 0.762861
0.281987 0.010454 0.707560
0.051004 0.000010 0.948986
0.121809 0.000010 0.878181
0.192722 0.255158 0.552121
0.282601 0.101569 0.615831
0.219211 0.051212 0.729577
0.201255 0.029266 0.769479
0.336302 0.000010 0.663688
0.230107 0.014174 0.755719
0.153963 0.237836 0.608201
0.130703 0.003458 0.865839
0.268745 0.000010 0.731245
0.211597 0.000010 0.788393
0.124832 0.071983 0.803185
0.203551 0.040349 0.756100
0.146472 0.004725 0.848802
0.024402 0.149225 0.826373
0.110294 0.077422 0.812285
0.112073 0.131109 0.756818
0.184633 0.145939 0.669428
0.158203 0.028424 0.813374
0.259491 0.061491 0.679018
0.031345 0.061091 0.907564
0.000010 0.012918 0.987072
0.000010 0.017209 0.982781
0.070913 0.079986 0.849101
0.047287 0.044544 0.908169
0.154287 0.010167 0.835546
0.061643 0.134238 0.804119
0.049070 0.087178 0.863753
0.039191 0.202176 0.758633
0.343419 0.064424 0.592157
0.046390 0.231645 0.721964
0.268485 0.161198 0.570318
0.045578 0.171653 0.782769
0.361447 0.123719 0.514834
0.135889 0.130037 0.734074
0.278697 0.083503 0.637800
0.036068 0.210897 0.753034
0.133046 0.195860 0.671094
0.161622 0.044641 0.793737
0.117300 0.050629 0.832072
0.058708 0.000010 0.941282
0.137009 0.013361 0.849630
0.022741 0.494165 0.483094
0.055803 0.839144 0.105053
0.060214 0.833917 0.105869
0.061178 0.233124 0.705698
0.029082 0.066255 0.904663
0.180177 0.018022 0.801801
0.145672 0.000010 0.854318
0.196223 0.000010 0.803767
0.141020 0.000010 0.858970
0.027743 0.022708 0.949549
0.256035 0.083730 0.660236
0.082068 0.056106 0.861826
0.126675 0.046584 0.826741
0.096036 0.066169 0.837795
0.179700 0.083654 0.736646
0.036683 0.013331 0.949986
0.367797 0.093205 0.538999
0.189515 0.112824 0.697661
0.228272 0.000010 0.771718
0.099188 0.018523 0.882289
0.250243 0.342594 0.407164
0.158902 0.207432 0.633666
0.285768 0.000010 0.714222
0.000010 0.000010 0.999980
0.110317 0.000010 0.889673
0.194763 0.021267 0.783970
0.131693 0.000010 0.868297
0.096602 0.000010 0.903388
0.086258 0.018183 0.895560
0.142324 0.002549 0.855128
0.054824 0.012475 0.932701
0.062510 0.315624 0.621866
0.088298 0.064273 0.847429
0.000010 0.100543 0.899447
0.023786 0.360332 0.615883
0.077683 0.229860 0.692458
0.094197 0.017875 0.887928
0.144369 0.021516 0.834115
0.152251 0.035307 0.812442
0.038506 0.216030 0.745465
0.052085 0.029717 0.918198
0.016875 0.000010 0.983115
0.547688 0.000010 0.452302
0.314982 0.255243 0.429775
0.615588 0.139344 0.245068
0.151125 0.124376 0.724499
0.239859 0.013359 0.746782
0.148521 0.130526 0.720952
0.085448 0.010632 0.903920
0.418975 0.000010 0.581015
0.213963 0.000010 0.786027
0.276618 0.073709 0.649674
0.106857 0.000010 0.893133
0.212293 0.011325 0.776383
0.247126 0.009051 0.743824
0.191046 0.000010 0.808944
0.303293 0.008136 0.688571
0.248049 0.164636 0.587315
0.147060 0.000010 0.852930
0.243529 0.000010 0.756461
0.059561 0.015206 0.925233
0.268744 0.053000 0.678256
0.166879 0.021036 0.812085
0.275998 0.021261 0.702741
0.191647 0.205984 0.602369
0.428045 0.009114 0.562841
0.113624 0.046358 0.840018
0.154353 0.010629 0.835018
0.534523 0.008046 0.457432
0.181714 0.022776 0.795511
0.242597 0.043963 0.713441
0.194444 0.222770 0.582786
0.207786 0.089485 0.702729
0.250518 0.028710 0.720773
0.170954 0.000010 0.829036
0.339138 0.000010 0.660852
0.110340 0.000010 0.889650
0.145260 0.195334 0.659406
0.208307 0.003382 0.788311
0.096573 0.000010 0.903417
0.140062 0.398901 0.461038
0.195918 0.031127 0.772955
0.047391 0.297243 0.655366
0.052239 0.046391 0.901370
0.162800 0.000010 0.837190
0.054275 0.134032 0.811693
0.056868 0.003308 0.939824
0.192692 0.293022 0.514285
0.204922 0.182161 0.612917
0.088900 0.069743 0.841358
0.082102 0.119585 0.798313
0.235278 0.126634 0.638088
0.245293 0.193210 0.561497
0.045062 0.162364 0.792574
0.172424 0.000010 0.827566
0.074316 0.152665 0.773019
0.217963 0.116134 0.665903
0.110887 0.033001 0.856112
0.007107 0.000010 0.992883
0.022072 0.018064 0.959864
0.091550 0.152371 0.756079
0.391218 0.000010 0.608772
0.448904 0.017483 0.533613
0.082503 0.256115 0.661382
0.177764 0.059132 0.763104
0.126420 0.017274 0.856306
0.252034 0.000010 0.747956
0.195661 0.001280 0.803059
0.168357 0.034329 0.797314
0.396717 0.088150 0.515133
0.339545 0.130898 0.529557
0.342555 0.230437 0.427009
0.269155 0.275939 0.454907
0.107199 0.000010 0.892791
0.278734 0.045991 0.675275
0.050875 0.000010 0.949115
0.035187 0.005978 0.958835
0.059011 0.196250 0.744739
0.182347 0.359291 0.458362
0.168841 0.010134 0.821025
0.231953 0.068488 0.699559
0.005137 0.016687 0.978176
0.045542 0.013141 0.941317
0.144828 0.040506 0.814665
0.020860 0.018567 0.960573
0.082830 0.039688 0.877481
0.092557 0.446808 0.460635
0.115038 0.114954 0.770009
0.128854 0.385022 0.486125
0.185904 0.000010 0.814086
0.164852 0.030175 0.804973
0.159068 0.016601 0.824331
0.000150 0.019927 0.979923
0.004830 0.022924 0.972246
0.000010 0.031063 0.968927
0.000010 0.008801 0.991189
0.000010 0.005123 0.994867
0.000010 0.006182 0.993808
0.004722 0.000010 0.995268
0.000010 0.000010 0.999980
0.000010 0.000010 0.999980
0.000010 0.000010 0.999980
0.000010 0.043940 0.956050
0.001906 0.026477 0.971617
0.000010 0.000010 0.999980
0.000010 0.000010 0.999980
0.006492 0.000010 0.993498
0.000010 0.000010 0.999980
0.007020 0.013076 0.979905
0.000010 0.000010 0.999980
0.014658 0.000010 0.985332
0.025084 0.000010 0.974906
0.013731 0.000010 0.986259
0.006139 0.002854 0.991008
0.028597 0.000010 0.971393
0.018270 0.000010 0.981720
0.000010 0.018457 0.981533
0.001881 0.031832 0.966287
0.000010 0.029793 0.970197
0.054321 0.000010 0.945669
0.000010 0.013568 0.986422
0.045749 0.000010 0.954241
0.111894 0.000010 0.888096
0.000010 0.029510 0.970480
0.077949 0.012263 0.909788
0.015395 0.016956 0.967649
0.000010 0.000010 0.999980
0.017955 0.000010 0.982035
0.218331 0.007874 0.773795
0.117719 0.396890 0.485391
0.252997 0.294202 0.452802
0.132914 0.290073 0.577012
0.551157 0.000010 0.448833
0.212108 0.000010 0.787882
0.262074 0.000010 0.737916
0.350573 0.000010 0.649417
0.540027 0.000010 0.459963
0.380317 0.000010 0.619673
0.312498 0.061093 0.626409
0.455773 0.000010 0.544217
0.439543 0.000010 0.560447
0.297484 0.023096 0.679420
0.240456 0.020688 0.738857
0.240978 0.023299 0.735723
0.129714 0.009307 0.860979
0.996892 0.003098 0.000010
0.999980 0.000010 0.000010
0.999980 0.000010 0.000010
0.990195 0.009795 0.000010
0.965560 0.034430 0.000010
0.999977 0.000013 0.000010
0.000010 0.006196 0.993794
0.000010 0.031522 0.968468
0.000010 0.045701 0.954289
0.000010 0.000010 0.999980
0.000010 0.000010 0.999980
0.000010 0.003306 0.996684
0.041611 0.000010 0.958379
0.030722 0.023033 0.946245
0.049245 0.004073 0.946682
0.036088 0.000010 0.963902
0.031480 0.000010 0.968510
0.000010 0.006246 0.993744
0.071327 0.029492 0.899181
0.003079 0.030105 0.966816
0.000010 0.010894 0.989096
0.065904 0.000010 0.934086
0.000010 0.000010 0.999980
0.043038 0.000010 0.956952
0.000010 0.002838 0.997152
0.024479 0.008643 0.966878
0.000010 0.000010 0.999980
0.000010 0.068175 0.931815
0.000010 0.000010 0.999980
0.000010 0.072707 0.927283
0.000010 0.000010 0.999980
0.052052 0.026869 0.921079
0.017482 0.000010 0.982508
0.000010 0.167787 0.832203
0.012584 0.119255 0.868160
0.029771 0.019531 0.950697
0.035084 0.000010 0.964906
0.006891 0.010536 0.982573
0.041914 0.009050 0.949036
0.005838 0.044462 0.949700
0.000010 0.026133 0.973857
0.000010 0.060794 0.939196
0.096811 0.069684 0.833505
0.060523 0.030770 0.908707
0.054031 0.028003 0.917966
0.044198 0.000010 0.955792
0.039632 0.000010 0.960358
0.000010 0.000010 0.999980
0.000010 0.000010 0.999980
0.000010 0.000010 0.999980
0.012864 0.000010 0.987126
0.000010 0.000010 0.999980
0.056288 0.000010 0.943702
0.008279 0.000010 0.991711
0.024853 0.000010 0.975137
0.000010 0.000010 0.999980
0.001364 0.000010 0.998626
0.014289 0.066389 0.919322
0.042977 0.022571 0.934453
0.015924 0.089564 0.894512
0.069897 0.027839 0.902263
0.062325 0.016046 0.921628
0.037221 0.006031 0.956748
0.000010 0.019256 0.980734
0.000010 0.020368 0.979622
0.000010 0.012323 0.987667
0.000010 0.000010 0.999980
0.000010 0.000010 0.999980
0.000010 0.000010 0.999980
0.000010 0.025739 0.974251
0.001294 0.012290 0.986415
0.000010 0.020676 0.979314
0.000010 0.037194 0.962796
0.000010 0.003533 0.996457
0.000010 0.031483 0.968507
0.000010 0.000010 0.999980
0.079842 0.000010 0.920148
0.000010 0.000010 0.999980
0.000010 0.007221 0.992769
0.000010 0.015210 0.984780
0.000010 0.000010 0.999980
0.049484 0.022817 0.927699
0.040444 0.000010 0.959546
0.005865 0.027170 0.966964
0.000010 0.000010 0.999980
0.075845 0.010597 0.913558
0.022120 0.000010 0.977870
0.014435 0.037766 0.947800
0.054838 0.056617 0.888546
0.032721 0.010152 0.957127
0.004002 0.000010 0.995988
0.006806 0.032951 0.960242
0.000010 0.000010 0.999980
0.000010 0.000010 0.999980
0.026573 0.000920 0.972507
0.044801 0.000010 0.955189
0.026687 0.000010 0.973303
0.000010 0.000010 0.999980
0.017551 0.000010 0.982439
0.000010 0.000010 0.999980
0.009263 0.007434 0.983302
0.041816 0.009391 0.948793
0.036199 0.006738 0.957063
0.000010 0.017297 0.982693
0.000010 0.014763 0.985227
0.000135 0.033487 0.966378
0.000010 0.000740 0.999250
0.076859 0.000010 0.923131
0.029002 0.000010 0.970988
0.000010 0.000010 0.999980
0.000010 0.000010 0.999980
0.999980 0.000010 0.000010
0.996662 0.003328 0.000010
0.999980 0.000010 0.000010
0.999973 0.000017 0.000010
0.994105 0.000010 0.005885
0.995868 0.004122 0.000010
0.998667 0.001323 0.000010
0.988606 0.007053 0.004341
0.975445 0.000010 0.024545
0.999980 0.000010 0.000010
0.999980 0.000010 0.000010
0.999980 0.000010 0.000010
0.986174 0.000010 0.013816
0.999980 0.000010 0.000010
0.999980 0.000010 0.000010
0.999221 0.000769 0.000010
0.994693 0.000010 0.005297
0.999980 0.000010 0.000010
0.999980 0.000010 0.000010
0.999980 0.000010 0.000010
0.999980 0.000010 0.000010
0.947238 0.000010 0.052752
0.999980 0.000010 0.000010
0.999980 0.000010 0.000010
0.999980 0.000010 0.000010
0.999980 0.000010 0.000010
0.954886 0.000010 0.045104
0.999980 0.000010 0.000010
0.975036 0.011026 0.013938
0.973410 0.000010 0.026580
0.976425 0.006526 0.017049
0.948738 0.001816 0.049446
0.933549 0.010919 0.055532
0.999803 0.000187 0.000010
0.987956 0.000010 0.012034
0.999980 0.000010 0.000010
0.991135 0.000311 0.008554
0.928518 0.000010 0.071472
0.990562 0.000010 0.009428
0.956846 0.000010 0.043144
0.951444 0.000010 0.048546
0.999980 0.000010 0.000010
0.992464 0.000010 0.007526
0.999980 0.000010 0.000010
0.992927 0.000010 0.007063
0.984980 0.000010 0.015010
0.999980 0.000010 0.000010
0.994954 0.000010 0.005036
0.979071 0.000010 0.020919
0.989323 0.000010 0.010667
0.965091 0.000010 0.034899
0.999980 0.000010 0.000010
0.997260 0.000010 0.002730
0.999980 0.000010 0.000010
0.978590 0.012979 0.008431
0.912735 0.008566 0.078700
0.000010 0.811280 0.188710
0.270265 0.491739 0.237996
0.019114 0.949282 0.031604
0.000010 0.937058 0.062932
0.000010 0.627885 0.372105
0.038522 0.918530 0.042948
0.020695 0.830982 0.148323
0.000010 0.589963 0.410027
0.000010 0.807080 0.192910
0.016069 0.806810 0.177120
0.000010 0.999980 0.000010
0.020035 0.925854 0.054111
0.000010 0.969965 0.030025
0.455641 0.045324 0.499034
0.545320 0.000010 0.454670
0.000010 0.850629 0.149361
0.000010 0.774047 0.225943
0.000010 0.999980 0.000010
0.012939 0.938204 0.048857
0.390905 0.031101 0.577994
0.000010 0.836890 0.163100
0.000010 0.691115 0.308875
0.009301 0.953594 0.037104
0.000010 0.663763 0.336227
0.555043 0.000010 0.444947
0.390570 0.000010 0.609420
0.451498 0.000010 0.548492
0.660653 0.000010 0.339337
0.616856 0.000010 0.383134
0.604287 0.000010 0.395703
0.686811 0.000010 0.313179
0.448531 0.216660 0.334809
0.536189 0.193820 0.269990
0.761009 0.000010 0.238981
0.647950 0.000010 0.352040
0.719851 0.000010 0.280139
0.433928 0.000010 0.566062
0.489376 0.136385 0.374239
0.409202 0.035794 0.555004
0.435943 0.000010 0.564047
0.593879 0.000010 0.406111
0.481181 0.000010 0.518809
0.651762 0.000010 0.348228
0.328480 0.029197 0.642323
0.509240 0.020162 0.470598
0.574203 0.069961 0.355836
0.552522 0.067144 0.380334
0.564596 0.075850 0.359554
0.801122 0.000010 0.198868
0.504361 0.000010 0.495629
0.594365 0.000010 0.405625
0.330798 0.129505 0.539698
0.656492 0.004118 0.339391
0.658296 0.000010 0.341694
0.745932 0.000010 0.254058
0.633510 0.007148 0.359341
0.697895 0.000010 0.302095
0.621536 0.000010 0.378454
0.617167 0.000010 0.382823
0.634638 0.000010 0.365352
0.002258 0.997732 0.000010
0.000010 0.973136 0.026854
0.000010 0.947778 0.052212
0.012077 0.617358 0.370565
0.663928 0.000010 0.336062
0.340567 0.420833 0.238600
0.399925 0.090840 0.509236
0.693718 0.002492 0.303789
0.559230 0.036433 0.404337
0.445371 0.000010 0.554619
0.330163 0.221752 0.448086
0.336777 0.182713 0.480510
0.599978 0.000010 0.400012
0.558218 0.000010 0.441772
0.614386 0.000010 0.385604
0.629248 0.000010 0.370742
0.461860 0.000010 0.538130
0.560570 0.000010 0.439420
0.389932 0.000010 0.610058
0.424713 0.000010 0.575277
0.362618 0.000010 0.637372
0.549916 0.013900 0.436184
0.331964 0.000010 0.668026
0.294838 0.016943 0.688218
0.000010 0.923710 0.076280
0.000010 0.793498 0.206492
0.110430 0.844987 0.044583
0.006675 0.356440 0.636885
0.062707 0.564110 0.373183
0.109938 0.857415 0.032647
0.589230 0.000010 0.410760
0.680853 0.000010 0.319137
0.584071 0.000010 0.415919
0.582864 0.002542 0.414595
0.516588 0.004064 0.479348
0.583644 0.004495 0.411861
0.711966 0.000010 0.288024
0.636201 0.000010 0.363789
0.325729 0.258823 0.415448
0.604943 0.012178 0.382879
0.000010 0.875005 0.124985
0.023796 0.658113 0.318092
0.021679 0.585331 0.392990
0.004014 0.954890 0.041096
0.007836 0.950685 0.041478
0.000010 0.951428 0.048562
0.999436 0.000010 0.000554
0.957479 0.000917 0.041604
0.999980 0.000010 0.000010
0.999980 0.000010 0.000010
0.973581 0.004329 0.022090
0.999980 0.000010 0.000010
0.935101 0.010557 0.054342
0.994366 0.005135 0.000499
0.999980 0.000010 0.000010
0.988441 0.011549 0.000010
0.961173 0.018309 0.020517
0.992034 0.002358 0.005608
0.974008 0.000010 0.025982
0.960449 0.039541 0.000010
0.957216 0.000010 0.042774
0.955157 0.029322 0.015521
0.991725 0.000010 0.008265
0.999980 0.000010 0.000010
0.931011 0.008485 0.060504
0.952603 0.000010 0.047387
0.986542 0.000010 0.013448
0.999980 0.000010 0.000010
0.019419 0.678053 0.302529
0.000010 0.861199 0.138791
0.000010 0.999980 0.000010
0.000010 0.893229 0.106761
0.000010 0.921062 0.078928
0.922106 0.005953 0.071940
0.951433 0.002796 0.045770
0.941102 0.007593 0.051305
0.995614 0.000010 0.004376
0.979244 0.000010 0.020746
0.947419 0.000010 0.052571
0.955812 0.021725 0.022463
0.952270 0.018448 0.029282
0.999980 0.000010 0.000010
0.996186 0.003804 0.000010
0.980388 0.000010 0.019602
0.887453 0.000010 0.112537
0.869430 0.000010 0.130560
0.999980 0.000010 0.000010
0.999980 0.000010 0.000010
0.964308 0.000010 0.035682
0.954578 0.000010 0.045412
0.999980 0.000010 0.000010
0.996357 0.003633 0.000010
0.972423 0.000010 0.027567
0.999980 0.000010 0.000010
0.999980 0.000010 0.000010
0.999980 0.000010 0.000010
0.999980 0.000010 0.000010
0.999980 0.000010 0.000010
0.995793 0.004197 0.000010
0.981844 0.000010 0.018146
0.999980 0.000010 0.000010
0.972333 0.008018 0.019649
0.489173 0.000010 0.510817
0.505437 0.015762 0.478801
0.352079 0.038822 0.609098
0.013870 0.986120 0.000010
0.517107 0.003203 0.479690
0.616592 0.000010 0.383398
0.710820 0.000010 0.289170
0.693416 0.000010 0.306574
0.000010 0.865377 0.134613
0.002497 0.931092 0.066411
0.000010 0.968108 0.031882
0.944798 0.006209 0.048993
0.999980 0.000010 0.000010
0.999980 0.000010 0.000010
0.999980 0.000010 0.000010
0.999980 0.000010 0.000010
0.940062 0.000010 0.059928
0.943483 0.000010 0.056507
0.984916 0.000010 0.015074
0.985645 0.000010 0.014345
0.980856 0.000010 0.019134
0.937082 0.016525 0.046393
0.964539 0.000010 0.035451
0.950421 0.000010 0.049569
0.966559 0.000010 0.033431
0.991648 0.008342 0.000010
0.907516 0.006016 0.086468
0.985587 0.001955 0.012458
0.985983 0.000010 0.014007
0.999980 0.000010 0.000010
0.981983 0.000010 0.018007
0.947235 0.000010 0.052755
0.999980 0.000010 0.000010
0.142642 0.799063 0.058295
0.006701 0.845337 0.147962
0.146833 0.853157 0.000010
0.482099 0.000010 0.517891
0.693526 0.000010 0.306464
0.622373 0.000010 0.377617
0.717400 0.000010 0.282590
0.999980 0.000010 0.000010
0.999980 0.000010 0.000010
0.982388 0.017602 0.000010
0.999980 0.000010 0.000010
0.999980 0.000010 0.000010
0.962986 0.000010 0.037004
0.988998 0.000010 0.010992
0.991095 0.008895 0.000010
0.999980 0.000010 0.000010
0.999980 0.000010 0.000010
0.980347 0.000010 0.019643
0.999980 0.000010 0.000010
0.992783 0.000010 0.007207
0.999980 0.000010 0.000010
0.999980 0.000010 0.000010
0.997496 0.000010 0.002494
0.999980 0.000010 0.000010
0.999980 0.000010 0.000010
0.995192 0.004798 0.000010
0.999980 0.000010 0.000010
0.000010 0.000010 0.999980
0.014822 0.011363 0.973814
0.043013 0.017583 0.939404
0.000010 0.000010 0.999980
0.000010 0.000010 0.999980
0.000010 0.019729 0.980261
0.000010 0.000010 0.999980
0.000010 0.015776 0.984214
0.020693 0.000811 0.978496
0.000010 0.009072 0.990918
0.016989 0.036319 0.946692
0.000010 0.009763 0.990227
0.000010 0.013103 0.986887
0.000010 0.032076 0.967914
0.022331 0.000010 0.977659
0.024968 0.047312 0.927720
0.035778 0.042237 0.921985
0.000010 0.009233 0.990757
0.011674 0.014576 0.973751
0.016028 0.003490 0.980482
0.923884 0.000010 0.076106
0.350998 0.004068 0.644934
0.284329 0.006842 0.708829
0.000010 0.999980 0.000010
0.061192 0.627942 0.310866
0.000010 0.768232 0.231758
0.000010 0.889749 0.110241
0.694726 0.000010 0.305264
0.346650 0.000010 0.653340
0.553042 0.000010 0.446948
0.632957 0.000010 0.367033
0.633906 0.004441 0.361653
0.474825 0.000010 0.525165
0.702696 0.000010 0.297294
0.683618 0.000010 0.316372
0.675957 0.000010 0.324033
0.466516 0.164835 0.368649
0.706473 0.000010 0.293517
0.570174 0.000010 0.429816
0.723628 0.000010 0.276362
0.649335 0.000010 0.350655
0.000010 0.890168 0.109822
0.000010 0.762188 0.237802
0.019196 0.879222 0.101582
0.000010 0.776776 0.223214
0.000010 0.869467 0.130523
0.528784 0.014085 0.457130
0.484567 0.053224 0.462208
0.597643 0.000010 0.402347
0.695775 0.000010 0.304215
0.638911 0.000010 0.361079
0.665331 0.000010 0.334659
0.434892 0.012043 0.553065
0.584859 0.000010 0.415131
0.556593 0.000010 0.443397
0.626923 0.000010 0.373067
0.307495 0.000010 0.692495
0.459416 0.000010 0.540574
0.403872 0.083009 0.513119
0.141969 0.805991 0.052040
0.000010 0.910714 0.089276
0.015950 0.982415 0.001635
0.439896 0.000010 0.560094
0.005965 0.877926 0.116109
0.000010 0.984478 0.015512
0.000010 0.999980 0.000010
0.000010 0.999980 0.000010
0.006061 0.993929 0.000010
0.000010 0.957476 0.042514
0.000010 0.705781 0.294209
0.000010 0.990831 0.009159
0.000010 0.999980 0.000010
0.002392 0.881973 0.115634
0.000010 0.998568 0.001422
0.031887 0.630264 0.337850
0.002844 0.997146 0.000010
0.000010 0.933034 0.066956
0.064245 0.698174 0.237581
0.518817 0.000010 0.481173
0.581779 0.000010 0.418211
0.999980 0.000010 0.000010
0.992615 0.007375 0.000010
0.999980 0.000010 0.000010
0.973830 0.014817 0.011353
0.999980 0.000010 0.000010
0.999980 0.000010 0.000010
0.988739 0.000010 0.011251
0.999980 0.000010 0.000010
0.999980 0.000010 0.000010
0.999980 0.000010 0.000010
0.999980 0.000010 0.000010
0.978527 0.002384 0.019089
0.999980 0.000010 0.000010
0.999980 0.000010 0.000010
0.999980 0.000010 0.000010
0.972948 0.000010 0.027042
0.986249 0.013741 0.000010
0.954686 0.008325 0.036989
0.999980 0.000010 0.000010
0.874672 0.000010 0.125318
0.999980 0.000010 0.000010
0.982792 0.000010 0.017198
0.990612 0.009378 0.000010
0.999980 0.000010 0.000010
0.989868 0.000010 0.010122
0.999980 0.000010 0.000010
0.996126 0.000010 0.003864
0.989543 0.000010 0.010447
0.999980 0.000010 0.000010
0.999980 0.000010 0.000010
0.999980 0.000010 0.000010
0.999980 0.000010 0.000010
0.999980 0.000010 0.000010
0.999980 0.000010 0.000010
0.999980 0.000010 0.000010
0.000013 0.999977 0.000010
0.000010 0.674726 0.325264
0.154764 0.257527 0.587709
0.062733 0.644565 0.292703
0.003632 0.989217 0.007151
0.009151 0.646082 0.344767
0.000010 0.826233 0.173757
0.022978 0.973838 0.003185
0.041961 0.913662 0.044377
0.062275 0.686343 0.251382
0.000010 0.986793 0.013197
0.029006 0.879200 0.091795
0.000010 0.791989 0.208001
0.032100 0.949992 0.017908
0.000010 0.906228 0.093762
0.009468 0.912250 0.078282
0.000010 0.999980 0.000010
0.000010 0.991554 0.008436
0.000010 0.999980 0.000010
0.000010 0.946654 0.053336
0.000010 0.999980 0.000010
0.028465 0.942828 0.028707
0.013450 0.668293 0.318258
0.013951 0.958647 0.027402
0.000010 0.836206 0.163784
0.000010 0.989877 0.010113
0.036837 0.475864 0.487300
0.000010 0.967394 0.032596
0.321877 0.038218 0.639904
0.247416 0.027930 0.724655
0.281057 0.000856 0.718087
0.265474 0.006686 0.727841
0.178852 0.000010 0.821138
0.177673 0.000010 0.822317
0.000010 0.976253 0.023737
0.028108 0.930144 0.041747
0.000010 0.958844 0.041146
0.053016 0.557735 0.389249
0.031416 0.692206 0.276377
0.000010 0.531017 0.468973
0.017817 0.975986 0.006197
0.927381 0.004887 0.067733
0.999980 0.000010 0.000010
0.917675 0.008826 0.073499
0.999980 0.000010 0.000010
0.988605 0.000010 0.011385
0.999980 0.000010 0.000010
0.991529 0.008461 0.000010
0.968442 0.031548 0.000010
0.999980 0.000010 0.000010
0.000010 0.999980 0.000010
0.000010 0.944489 0.055501
0.000010 0.869219 0.130771
0.054708 0.702394 0.242898
0.036662 0.930056 0.033282
0.000010 0.999980 0.000010
0.219320 0.780670 0.000010
0.000010 0.993124 0.006866
0.000010 0.866686 0.133304
0.000010 0.886144 0.113846
0.010248 0.866565 0.123187
0.000725 0.994429 0.004846
0.008692 0.991298 0.000010
0.000010 0.928988 0.071002
0.000010 0.893340 0.106650
0.022921 0.936536 0.040543
0.000010 0.989342 0.010648
0.000010 0.964250 0.035740
0.000010 0.902405 0.097585
0.000010 0.989408 0.010582
0.000010 0.989158 0.010832
0.000010 0.980698 0.019292
0.000010 0.980524 0.019466
0.000010 0.975954 0.024036
0.000010 0.977985 0.022005
0.000010 0.977244 0.022746
0.003827 0.996163 0.000010
0.002187 0.934557 0.063256
0.024149 0.955419 0.020432
0.000010 0.979274 0.020716
0.011995 0.987995 0.000010
0.000010 0.999980 0.000010
0.000010 0.974801 0.025189
0.013919 0.986071 0.000010
0.000010 0.989140 0.010850
0.246758 0.011792 0.741450
0.351845 0.000010 0.648145
0.361868 0.000010 0.638122
0.354089 0.023874 0.622038
0.367732 0.019971 0.612297
0.320567 0.000010 0.679423
0.354814 0.010596 0.634591
0.022111 0.923807 0.054081
0.000010 0.981088 0.018902
0.017760 0.950551 0.031689
0.000010 0.887600 0.112390
0.000010 0.926626 0.073364
0.000010 0.785545 0.214445
0.004329 0.995661 0.000010
0.000010 0.999980 0.000010
0.000010 0.998060 0.001930
0.000739 0.970480 0.028781
0.006373 0.969833 0.023795
0.000010 0.999980 0.000010
0.000010 0.999980 0.000010
0.036602 0.963388 0.000010
0.000010 0.999980 0.000010
0.022348 0.940093 0.037559
0.000010 0.900256 0.099734
0.000010 0.899231 0.100759
0.000010 0.999980 0.000010
0.011905 0.945502 0.042593
0.000010 0.999980 0.000010
0.000010 0.992828 0.007162
0.000010 0.999980 0.000010
0.000010 0.999980 0.000010
0.268926 0.007439 0.723635
0.275694 0.000010 0.724296
0.269266 0.000010 0.730724
0.258073 0.000010 0.741917
0.206555 0.006345 0.787100
0.229176 0.011649 0.759175
0.265428 0.002285 0.732287
0.296562 0.000010 0.703428
0.248757 0.009486 0.741757
0.276159 0.046710 0.677131
0.231524 0.034836 0.733640
0.233274 0.049764 0.716962
0.266644 0.028329 0.705028
0.321244 0.000010 0.678746
0.333094 0.018273 0.648633
0.028157 0.957300 0.014543
0.021669 0.978321 0.000010
0.019128 0.980862 0.000010
0.033221 0.953026 0.013753
0.000010 0.973541 0.026449
0.024352 0.960455 0.015192
0.012280 0.980088 0.007632
0.007612 0.992378 0.000010
0.011532 0.988458 0.000010
0.206604 0.035462 0.757934
0.206638 0.014629 0.778733
0.173904 0.010640 0.815455
0.355146 0.036602 0.608251
0.346413 0.039091 0.614496
0.367467 0.032722 0.599811
0.455715 0.042578 0.501707
0.322083 0.045964 0.631952
0.373468 0.035535 0.590997
0.255230 0.018654 0.726115
0.284019 0.000010 0.715971
0.253833 0.000010 0.746157
0.167415 0.016601 0.815985
0.346521 0.021564 0.631915
0.242892 0.032418 0.724690
0.323638 0.013213 0.663149
0.176175 0.044824 0.779001
0.234022 0.000010 0.765968
0.220818 0.000010 0.779172
0.000162 0.978002 0.021836
0.013475 0.986515 0.000010
0.021581 0.978409 0.000010
0.000010 0.985386 0.014604
0.021761 0.935211 0.043028
0.000010 0.973139 0.026851
0.000010 0.999980 0.000010
0.002688 0.975949 0.021363
0.000010 0.991194 0.008796
0.337504 0.015224 0.647272
0.422058 0.000010 0.577932
0.448629 0.000010 0.551361
0.404019 0.000860 0.595121
0.271756 0.020369 0.707875
0.352839 0.001855 0.645306
0.213181 0.043719 0.743100
0.309637 0.056176 0.634187
0.311643 0.065774 0.622582
0.395223 0.023830 0.580947
0.232495 0.000010 0.767495
0.273118 0.007817 0.719065
0.245441 0.000010 0.754549
0.002696 0.986540 0.010764
0.000010 0.963141 0.036849
0.034826 0.957454 0.007720
0.000010 0.980587 0.019403
0.000010 0.965018 0.034972
0.034663 0.943988 0.021349
0.012880 0.924394 0.062726
0.010883 0.925902 0.063215
0.007135 0.938902 0.053963
0.016332 0.983658 0.000010
0.036592 0.962376 0.001032
0.000010 0.989797 0.010193
0.038374 0.960406 0.001220
0.000010 0.986754 0.013236
0.302211 0.000010 0.697779
0.359281 0.000010 0.640709
0.362481 0.000010 0.637509
0.406087 0.033210 0.560702
0.328713 0.002976 0.668311
0.348390 0.014384 0.637226
0.416967 0.012756 0.570277
0.351004 0.020163 0.628834
0.446231 0.020096 0.533673
0.383518 0.001647 0.614835
0.394391 0.028101 0.577508
0.352483 0.021109 0.626408
0.333003 0.020422 0.646575
0.317721 0.000010 0.682269
0.397339 0.082110 0.520552
0.383528 0.030290 0.586182
0.390055 0.034345 0.575600
0.000010 0.950548 0.049442
0.080953 0.902869 0.016179
0.003470 0.945185 0.051344
0.009243 0.990747 0.000010
0.022189 0.974776 0.003035
0.023185 0.976805 0.000010
0.001594 0.946119 0.052286
0.000010 0.999980 0.000010
0.011851 0.963206 0.024943
0.000010 0.931265 0.068725
0.013988 0.765592 0.220419
0.000010 0.870790 0.129200
0.000010 0.986271 0.013719
0.009925 0.945556 0.044518
0.007899 0.951616 0.040485
0.000010 0.882493 0.117497
0.028211 0.916487 0.055302
0.008434 0.907521 0.084045
0.015162 0.984828 0.000010
0.000010 0.999980 0.000010
0.000010 0.999980 0.000010
0.014783 0.985207 0.000010
0.007312 0.992678 0.000010
0.015671 0.984319 0.000010
0.011304 0.988686 0.000010
0.005145 0.964805 0.030050
0.000010 0.999980 0.000010
0.020618 0.945558 0.033824
0.000010 0.956592 0.043398
0.000010 0.973472 0.026518
0.000010 0.992793 0.007197
0.000010 0.999980 0.000010
0.000010 0.999980 0.000010
0.000010 0.942597 0.057393
0.000010 0.972959 0.027031
0.000010 0.949737 0.050253
0.000010 0.999980 0.000010
0.001473 0.972104 0.026423
0.003739 0.996251 0.000010
0.000010 0.961725 0.038265
0.008591 0.991399 0.000010
0.000010 0.952687 0.047303
0.006118 0.957436 0.036445
0.000010 0.977972 0.022018
0.000010 0.972172 0.027818
0.000010 0.978635 0.021355
0.000010 0.939901 0.060089
0.000010 0.985994 0.013996
0.034631 0.933498 0.031871
0.000010 0.999980 0.000010
0.003814 0.976762 0.019424
0.000010 0.999980 0.000010
0.020252 0.954844 0.024904
0.002924 0.973922 0.023153
0.000010 0.999980 0.000010
0.031970 0.937764 0.030266
0.021470 0.978520 0.000010
0.000010 0.999980 0.000010
0.000010 0.998611 0.001379
0.010301 0.989689 0.000010
0.000010 0.999980 0.000010
0.000010 0.973761 0.026229
0.011579 0.988411 0.000010
0.009317 0.990673 0.000010
0.000010 0.999980 0.000010
0.000010 0.983450 0.016540
0.000010 0.991315 0.008675
0.000010 0.999980 0.000010
0.000010 0.999980 0.000010
0.000010 0.995919 0.004071
0.000622 0.999368 0.000010
0.000010 0.999980 0.000010
0.000010 0.999980 0.000010
0.000010 0.999980 0.000010
0.000010 0.992809 0.007181
0.034599 0.965391 0.000010
0.009350 0.982903 0.007747
0.044267 0.947061 0.008672
0.005397 0.994593 0.000010
0.000010 0.999980 0.000010
0.005474 0.994516 0.000010
