0.000010 0.973914 0.006604 0.019472
0.000010 0.870647 0.078414 0.050929
0.000010 0.936844 0.063136 0.000010
0.000010 0.977027 0.005080 0.017883
0.000010 0.922046 0.077934 0.000010
0.000010 0.930695 0.069285 0.000010
0.000010 0.940623 0.059357 0.000010
0.000010 0.942892 0.057088 0.000010
0.000010 0.919491 0.047383 0.033116
0.000010 0.901733 0.098247 0.000010
0.010255 0.908662 0.071684 0.009398
0.000010 0.945271 0.043174 0.011544
0.000010 0.974909 0.000010 0.025071
0.000010 0.915496 0.084484 0.000010
0.000010 0.931978 0.068002 0.000010
0.000010 0.985427 0.014553 0.000010
0.000010 0.871100 0.086938 0.041953
0.000010 0.951711 0.023102 0.025176
0.000010 0.905981 0.093999 0.000010
0.000010 0.956244 0.043736 0.000010
0.000010 0.964297 0.035683 0.000010
0.000010 0.977492 0.022488 0.000010
0.000010 0.919270 0.080710 0.000010
0.005711 0.994269 0.000010 0.000010
0.000010 0.916612 0.027316 0.056062
0.000010 0.964384 0.035596 0.000010
0.000010 0.942648 0.057332 0.000010
0.000010 0.965112 0.034868 0.000010
0.000010 0.925047 0.000010 0.074933
0.000010 0.928441 0.071539 0.000010
0.000010 0.868027 0.110265 0.021697
0.000010 0.897186 0.092847 0.009958
0.000010 0.953838 0.019238 0.026914
0.000010 0.919861 0.080119 0.000010
0.000010 0.894763 0.038478 0.066749
0.000010 0.962243 0.037737 0.000010
0.000010 0.939030 0.047821 0.013139
0.021758 0.912933 0.065299 0.000010
0.000010 0.982625 0.017355 0.000010
0.000010 0.914011 0.042278 0.043701
0.000010 0.915680 0.050756 0.033553
0.018639 0.894431 0.000010 0.086920
0.000010 0.963209 0.036771 0.000010
0.000010 0.971488 0.022627 0.005875
0.000010 0.978484 0.021496 0.000010
0.000010 0.920004 0.079976 0.000010
0.019634 0.937299 0.043057 0.000010
0.000010 0.949103 0.046385 0.004502
0.000010 0.965022 0.034958 0.000010
0.000010 0.959089 0.040891 0.000010
0.000010 0.918254 0.081726 0.000010
0.000010 0.949169 0.033128 0.017693
0.007604 0.904400 0.084768 0.003227
0.005687 0.947888 0.046415 0.000010
0.000010 0.935171 0.064809 0.000010
0.000010 0.861799 0.047888 0.090303
0.000010 0.856442 0.040586 0.102962
0.000010 0.894244 0.039191 0.066555
0.000010 0.908365 0.048165 0.043460
0.000010 0.893125 0.041990 0.064876
0.000010 0.923278 0.076702 0.000010
0.000010 0.855905 0.045944 0.098141
0.000010 0.958588 0.041392 0.000010
0.044000 0.905315 0.043395 0.007291
0.000010 0.805415 0.072622 0.121953
0.000010 0.759901 0.147970 0.092119
0.000010 0.829085 0.101003 0.069902
0.000010 0.911603 0.088377 0.000010
0.000010 0.855065 0.130154 0.014771
0.000447 0.876821 0.002754 0.119978
0.000010 0.882584 0.051636 0.065769
0.013853 0.839257 0.138941 0.007948
0.000010 0.954226 0.017084 0.028680
0.000010 0.972452 0.027528 0.000010
0.000010 0.895087 0.074728 0.030175
0.000768 0.953566 0.033528 0.012137
0.000010 0.967833 0.000010 0.032147
0.002941 0.948384 0.021739 0.026937
0.000010 0.976869 0.023111 0.000010
0.000010 0.959652 0.040328 0.000010
0.000010 0.946526 0.013968 0.039496
0.000010 0.996650 0.003330 0.000010
0.000010 0.943681 0.056299 0.000010
0.000010 0.945929 0.054051 0.000010
0.000010 0.942124 0.025520 0.032346
0.000010 0.881882 0.078031 0.040077
0.000010 0.927568 0.052101 0.020320
0.000010 0.914288 0.085692 0.000010
0.000010 0.942682 0.057298 0.000010
0.000010 0.940897 0.002764 0.056329
0.000010 0.964422 0.035558 0.000010
0.000010 0.989054 0.000286 0.010650
0.000010 0.922067 0.051981 0.025943
0.013836 0.922194 0.000010 0.063960
0.000010 0.941588 0.058392 0.000010
0.000010 0.926031 0.055623 0.018336
0.000010 0.961068 0.038912 0.000010
0.000010 0.935324 0.016794 0.047873
0.000010 0.941400 0.058580 0.000010
0.000010 0.942502 0.039335 0.018153
0.000010 0.962511 0.037469 0.000010
0.000010 0.912034 0.000010 0.087946
0.000010 0.978109 0.021871 0.000010
0.000010 0.778500 0.045022 0.176468
0.000010 0.839807 0.078923 0.081260
0.000010 0.935278 0.037963 0.026749
0.000010 0.841806 0.000010 0.158174
0.000010 0.895255 0.046318 0.058417
0.000010 0.841699 0.120087 0.038203
0.000010 0.928499 0.020972 0.050519
0.000010 0.823302 0.098794 0.077893
0.000010 0.869342 0.000010 0.130638
0.000010 0.745066 0.102498 0.152426
0.000010 0.964149 0.035831 0.000010
0.000010 0.854328 0.037646 0.108016
0.000010 0.795467 0.129045 0.075478
0.000010 0.866095 0.030371 0.103524
0.000010 0.929475 0.000474 0.070041
0.000010 0.845238 0.011130 0.143622
0.000010 0.924449 0.022479 0.053061
0.000010 0.887041 0.054368 0.058581
0.008259 0.895812 0.010969 0.084960
0.000010 0.815952 0.109856 0.074182
0.000010 0.907293 0.054793 0.037904
0.000010 0.919352 0.054101 0.026537
0.000010 0.921850 0.063847 0.014293
0.000010 0.841629 0.053585 0.104777
0.004618 0.919512 0.072234 0.003636
0.000010 0.855497 0.039988 0.104506
0.000010 0.825815 0.009106 0.165069
0.000010 0.846550 0.081653 0.071786
0.000010 0.923110 0.000010 0.076870
0.000010 0.766966 0.058414 0.174610
0.000010 0.849117 0.089029 0.061844
0.000010 0.844195 0.115549 0.040247
0.000010 0.841278 0.041027 0.117685
0.003187 0.843548 0.080931 0.072333
0.000010 0.874106 0.096577 0.029308
0.000010 0.869602 0.016233 0.114155
0.000010 0.886234 0.113746 0.000010
0.000010 0.788529 0.146604 0.064857
0.000010 0.854991 0.087585 0.057414
0.000010 0.869279 0.058621 0.072090
0.000010 0.864148 0.111989 0.023853
0.000010 0.942587 0.057393 0.000010
0.000010 0.852886 0.122199 0.024905
0.000010 0.891767 0.044437 0.063786
0.015953 0.870867 0.030730 0.082450
0.000010 0.872502 0.046853 0.080635
0.000010 0.886451 0.063437 0.050102
0.006752 0.770410 0.151715 0.071123
0.000010 0.814974 0.073827 0.111188
0.000010 0.917490 0.018470 0.064030
0.000010 0.910881 0.052802 0.036307
0.000010 0.838034 0.054273 0.107682
0.000010 0.930413 0.000010 0.069567
0.000010 0.856335 0.083682 0.059973
0.000010 0.983967 0.016013 0.000010
0.000010 0.788690 0.015425 0.195875
0.000010 0.896691 0.021405 0.081894
0.000010 0.923206 0.001304 0.075481
0.000010 0.904115 0.000010 0.095865
0.000010 0.899328 0.000010 0.100652
0.000010 0.917126 0.000010 0.082854
0.004828 0.831570 0.109447 0.054155
0.000010 0.873946 0.033324 0.092719
0.000010 0.901172 0.007832 0.090987
0.000010 0.851675 0.067914 0.080401
0.000010 0.801298 0.069820 0.128873
0.000010 0.899934 0.072060 0.027995
0.000010 0.828151 0.103478 0.068361
0.000010 0.916261 0.009691 0.074038
0.000010 0.900443 0.009385 0.090162
0.000010 0.869678 0.052945 0.077368
0.000010 0.905319 0.010888 0.083783
0.000010 0.891916 0.048573 0.059501
0.000010 0.913242 0.084724 0.002024
0.000936 0.910562 0.027171 0.061331
0.018438 0.793293 0.160666 0.027603
0.000010 0.847079 0.131029 0.021882
0.000010 0.846422 0.058167 0.095401
0.000010 0.821137 0.133748 0.045105
0.000010 0.889984 0.025309 0.084697
0.000010 0.860749 0.065896 0.073345
0.000010 0.965761 0.034219 0.000010
0.006298 0.000010 0.029995 0.963697
0.000010 0.000010 0.000010 0.999970
0.000010 0.000010 0.024004 0.975976
0.000010 0.000010 0.158424 0.841556
0.000010 0.000010 0.067446 0.932534
0.000010 0.000010 0.058798 0.941182
0.000010 0.000010 0.014437 0.985543
0.004771 0.000010 0.081055 0.914164
0.000010 0.000010 0.112160 0.887820
0.000010 0.000010 0.027491 0.972489
0.000010 0.000010 0.097915 0.902065
0.000010 0.034054 0.000116 0.965819
0.000010 0.000010 0.109406 0.890574
0.003624 0.042764 0.076409 0.877203
0.000010 0.000010 0.052420 0.947560
0.002629 0.000010 0.000010 0.997351
0.000010 0.000010 0.000010 0.999970
0.000010 0.036816 0.119319 0.843855
0.000010 0.000010 0.053262 0.946718
0.000010 0.059168 0.081621 0.859200
0.000010 0.028475 0.006661 0.964853
0.000010 0.000010 0.046220 0.953760
0.000010 0.000010 0.068637 0.931343
0.000010 0.000010 0.031670 0.968310
0.000010 0.000010 0.045855 0.954125
0.000010 0.000010 0.039475 0.960505
0.000010 0.000010 0.075949 0.924031
0.000010 0.000010 0.071669 0.928311
0.000010 0.011576 0.098286 0.890129
0.000010 0.014750 0.011650 0.973590
0.000010 0.000010 0.000010 0.999970
0.000010 0.000010 0.000010 0.999970
0.000010 0.000010 0.018160 0.981820
0.000010 0.000010 0.029254 0.970726
0.000010 0.000010 0.033372 0.966608
0.000010 0.000010 0.041825 0.958155
0.000010 0.000010 0.055693 0.944287
0.000010 0.000010 0.006006 0.993974
0.000010 0.000010 0.119681 0.880299
0.000010 0.010766 0.054804 0.934420
0.000010 0.000010 0.000010 0.999970
0.000010 0.037925 0.013472 0.948593
0.000010 0.000010 0.086110 0.913870
0.000010 0.000010 0.014581 0.985399
0.000010 0.000010 0.110882 0.889098
0.000010 0.000010 0.044906 0.955074
0.000010 0.000010 0.084317 0.915663
0.000010 0.000010 0.064965 0.935015
0.000010 0.000010 0.057583 0.942397
0.000010 0.000010 0.026704 0.973276
0.000010 0.000010 0.059150 0.940830
0.000010 0.000010 0.000010 0.999970
0.000010 0.000010 0.000010 0.999970
0.000010 0.000010 0.037361 0.962619
0.000010 0.000010 0.006257 0.993723
0.000010 0.000010 0.005556 0.994424
0.000010 0.000010 0.000010 0.999970
0.000010 0.012041 0.000010 0.987939
0.000010 0.000010 0.000010 0.999970
0.000010 0.000010 0.037919 0.962061
0.000010 0.000010 0.025794 0.974186
0.000010 0.000010 0.047696 0.952284
0.000010 0.000010 0.043942 0.956038
0.000010 0.000010 0.056590 0.943390
0.000010 0.000010 0.038336 0.961644
0.000010 0.000010 0.023085 0.976895
0.000010 0.000010 0.032079 0.967901
0.000010 0.000010 0.029025 0.970955
0.027362 0.892555 0.080073 0.000010
0.000010 0.893286 0.035960 0.070745
0.282663 0.498835 0.218491 0.000010
0.017997 0.866514 0.088751 0.026738
0.272633 0.577470 0.149887 0.000010
0.000010 0.000010 0.007264 0.992716
0.000010 0.000010 0.000010 0.999970
0.000010 0.000010 0.000010 0.999970
0.000010 0.000010 0.060086 0.939894
0.000010 0.000010 0.048754 0.951226
0.000010 0.000010 0.033181 0.966799
0.000010 0.000010 0.023414 0.976566
0.000010 0.009343 0.000010 0.990637
0.000010 0.000010 0.000010 0.999970
0.000010 0.000010 0.009721 0.990259
0.000010 0.000010 0.060001 0.939979
0.000010 0.000010 0.000113 0.999867
0.000010 0.000010 0.110739 0.889241
0.000010 0.003272 0.064016 0.932702
0.000013 0.000010 0.046489 0.953488
0.000010 0.000010 0.013185 0.986795
0.000010 0.000010 0.012564 0.987416
0.000010 0.000010 0.019927 0.980053
0.000010 0.013441 0.037605 0.948944
0.000010 0.006295 0.009303 0.984393
0.000010 0.000010 0.000010 0.999970
0.000010 0.000010 0.038280 0.961700
0.000010 0.000010 0.054640 0.945340
0.000010 0.000010 0.089121 0.910859
0.000010 0.000010 0.000010 0.999970
0.000010 0.000010 0.055134 0.944846
0.000010 0.000010 0.046726 0.953254
0.000010 0.000010 0.027916 0.972064
0.000010 0.000010 0.016009 0.983971
0.000010 0.000010 0.086644 0.913336
0.000010 0.000010 0.000010 0.999970
0.000010 0.000010 0.079259 0.920721
0.000010 0.010907 0.031541 0.957541
0.000010 0.000010 0.036355 0.963625
0.000010 0.000010 0.031735 0.968245
0.000010 0.000010 0.025541 0.974439
0.000010 0.000010 0.077312 0.922668
0.000010 0.000010 0.076779 0.923201
0.000010 0.000010 0.043581 0.956399
0.000010 0.000010 0.037599 0.962381
0.000010 0.000010 0.056636 0.943344
0.000010 0.018919 0.042444 0.938627
0.000010 0.000010 0.032762 0.967218
0.000010 0.000010 0.062365 0.937615
0.000010 0.000010 0.070689 0.929291
0.000010 0.000010 0.072305 0.927675
0.000010 0.000010 0.060394 0.939586
0.000010 0.000010 0.049885 0.950095
0.000010 0.000010 0.032532 0.967448
0.000010 0.000010 0.031971 0.968009
0.000010 0.000010 0.035088 0.964892
0.000010 0.000010 0.131147 0.868833
0.000010 0.000010 0.050810 0.949170
0.000010 0.000010 0.084203 0.915777
0.093587 0.726094 0.163159 0.017161
0.186052 0.401268 0.412670 0.000010
0.077414 0.550290 0.372286 0.000010
0.007814 0.842962 0.114490 0.034734
0.107362 0.721354 0.171274 0.000010
0.095217 0.684673 0.185556 0.034553
0.000010 0.000010 0.068745 0.931235
0.000010 0.000010 0.004210 0.995770
0.000010 0.000010 0.042079 0.957901
0.000010 0.000010 0.000010 0.999970
0.000010 0.000010 0.000010 0.999970
0.000010 0.000010 0.000010 0.999970
0.000010 0.000010 0.047796 0.952184
0.000010 0.000010 0.033716 0.966264
0.000010 0.000010 0.023177 0.976803
0.000010 0.000010 0.042879 0.957101
0.000010 0.000010 0.031988 0.967992
0.000010 0.000010 0.031890 0.968090
0.000010 0.000010 0.056653 0.943327
0.000010 0.000010 0.102580 0.897400
0.000010 0.000010 0.115244 0.884736
0.000010 0.000010 0.107069 0.892911
0.000010 0.000010 0.000010 0.999970
0.000010 0.000010 0.010283 0.989697
0.000010 0.000010 0.044436 0.955544
0.000010 0.000010 0.008502 0.991478
0.000010 0.000010 0.055570 0.944410
0.000010 0.003385 0.052582 0.944023
0.000010 0.000010 0.070725 0.929255
0.000010 0.000010 0.053353 0.946627
0.000010 0.000010 0.047382 0.952598
0.008565 0.000010 0.036836 0.954589
0.000010 0.007341 0.059402 0.933247
0.000010 0.000010 0.051921 0.948059
0.000010 0.000010 0.086189 0.913791
0.000010 0.000010 0.061416 0.938564
0.000010 0.000010 0.059072 0.940908
0.000010 0.000010 0.022526 0.977454
0.000010 0.000010 0.074112 0.925868
0.000010 0.000010 0.005710 0.994270
0.000010 0.000010 0.031345 0.968635
0.000010 0.000010 0.022244 0.977736
0.000010 0.000010 0.045776 0.954204
0.000010 0.000010 0.027724 0.972256
0.000010 0.000010 0.075254 0.924726
0.000010 0.000010 0.000010 0.999970
0.000010 0.000010 0.033812 0.966168
0.000010 0.974993 0.024987 0.000010
0.057047 0.780997 0.076987 0.084970
0.004131 0.940027 0.055832 0.000010
0.165347 0.672430 0.148664 0.013559
0.031342 0.800957 0.167691 0.000010
0.023217 0.783970 0.192802 0.000010
0.047177 0.769371 0.183442 0.000010
0.029268 0.799539 0.171183 0.000010
0.000010 0.914048 0.043987 0.041955
0.089341 0.653465 0.207758 0.049436
0.069808 0.660101 0.249414 0.020676
0.085086 0.761042 0.102484 0.051388
0.050987 0.710947 0.233277 0.004789
0.000010 0.000010 0.045644 0.954336
0.000010 0.002657 0.000010 0.997323
0.000010 0.000010 0.000010 0.999970
0.000010 0.000010 0.025748 0.974232
0.000010 0.000010 0.012235 0.987745
0.007340 0.000010 0.000010 0.992640
0.000010 0.000010 0.036608 0.963372
0.000010 0.000010 0.060365 0.939615
0.000010 0.000010 0.026125 0.973855
0.000010 0.000010 0.037321 0.962659
0.000010 0.000010 0.067818 0.932162
0.000010 0.000010 0.013159 0.986821
0.000010 0.000010 0.071442 0.928538
0.000010 0.000010 0.052152 0.947828
0.000010 0.005670 0.090046 0.904274
0.005499 0.841409 0.125502 0.027590
0.038352 0.543480 0.361062 0.057107
0.414501 0.420083 0.165406 0.000010
0.128236 0.358761 0.512992 0.000010
0.064239 0.737195 0.181016 0.017551
0.188762 0.708506 0.102722 0.000010
0.184586 0.654533 0.160871 0.000010
0.009267 0.683435 0.307289 0.000010
0.065877 0.748012 0.186101 0.000010
0.026024 0.623895 0.350071 0.000010
0.063819 0.599337 0.331340 0.005504
0.017591 0.864345 0.073484 0.044579
0.069822 0.874828 0.035387 0.019962
0.022112 0.936960 0.000010 0.040918
0.335460 0.584471 0.047136 0.032934
0.052566 0.590258 0.303143 0.054034
0.000010 0.628402 0.365647 0.005941
0.012803 0.916754 0.059435 0.011009
0.015150 0.783999 0.200841 0.000010
0.009206 0.891177 0.099607 0.000010
0.053148 0.698739 0.207062 0.041052
0.006223 0.799073 0.143268 0.051436
0.006860 0.667543 0.325586 0.000010
0.104697 0.440640 0.398677 0.055985
0.000010 0.604608 0.394701 0.000681
0.000010 0.849138 0.065011 0.085841
0.041505 0.720019 0.141961 0.096515
0.014540 0.875927 0.094183 0.015350
0.015257 0.713818 0.254341 0.016584
0.016027 0.683035 0.300928 0.000010
0.000010 0.387992 0.611988 0.000010
0.260864 0.584914 0.123411 0.030811
0.199558 0.501568 0.298864 0.000010
0.015590 0.756094 0.213541 0.014775
0.056093 0.663876 0.276526 0.003505
0.013300 0.796768 0.177354 0.012578
0.303847 0.636004 0.060139 0.000010
0.015496 0.835151 0.115015 0.034339
0.159926 0.648115 0.191949 0.000010
0.085069 0.736152 0.178769 0.000010
0.074862 0.873513 0.051615 0.000010
0.066387 0.876405 0.056928 0.000281
0.040823 0.810139 0.098590 0.050447
0.151980 0.622266 0.225745 0.000010
0.164250 0.721943 0.109684 0.004123
0.245803 0.636590 0.048211 0.069397
0.262516 0.514579 0.222895 0.000010
0.464071 0.475458 0.060461 0.000010
0.450407 0.479492 0.070091 0.000010
0.005672 0.849979 0.131969 0.012380
0.000010 0.969944 0.018103 0.011942
0.000010 0.916593 0.083387 0.000010
0.090249 0.870422 0.039319 0.000010
0.690899 0.250011 0.059080 0.000010
0.443555 0.492234 0.064200 0.000010
0.050347 0.581491 0.333875 0.034287
0.021979 0.705616 0.272395 0.000010
0.000010 0.946142 0.042026 0.011822
0.031226 0.606591 0.303842 0.058341
0.006581 0.841929 0.075867 0.075623
0.004700 0.488432 0.506857 0.000010
0.000010 0.491080 0.508900 0.000010
0.107042 0.438229 0.435956 0.018772
0.053562 0.695031 0.176006 0.075400
0.047055 0.806993 0.106900 0.039051
0.035285 0.856803 0.033920 0.073992
0.020585 0.782095 0.197309 0.000010
0.144707 0.675859 0.171185 0.008249
0.009528 0.374581 0.615881 0.000010
0.000293 0.901153 0.079302 0.019253
0.000010 0.691786 0.308194 0.000010
0.268987 0.391303 0.339700 0.000010
0.113739 0.421999 0.447668 0.016594
0.061480 0.547841 0.375137 0.015542
0.031021 0.681062 0.177502 0.110414
0.000010 0.516346 0.438632 0.045012
0.015059 0.643823 0.243923 0.097196
0.245052 0.515006 0.238837 0.001105
0.001736 0.798017 0.164866 0.035381
0.000010 0.596208 0.393501 0.010280
0.000010 0.670908 0.325642 0.003440
0.071945 0.696531 0.204462 0.027062
0.044782 0.659252 0.213416 0.082550
0.005914 0.697978 0.296098 0.000010
0.144492 0.726836 0.128662 0.000010
0.076740 0.752557 0.118526 0.052177
0.132738 0.683831 0.149548 0.033883
0.154416 0.580014 0.213214 0.052356
0.035105 0.639821 0.325064 0.000010
0.075133 0.490762 0.434095 0.000010
0.058550 0.859176 0.061330 0.020944
0.008279 0.916787 0.074924 0.000010
0.011324 0.854990 0.133677 0.000010
0.079803 0.698957 0.221231 0.000010
0.042218 0.821979 0.135793 0.000010
0.007588 0.700551 0.291852 0.000010
0.133612 0.717653 0.148725 0.000010
0.083871 0.820108 0.068451 0.027570
0.200635 0.712750 0.086605 0.000010
0.079871 0.416196 0.433095 0.070838
0.229947 0.661974 0.108069 0.000010
0.177781 0.434060 0.372910 0.015249
0.170397 0.696652 0.132941 0.000010
0.145818 0.317118 0.489552 0.047512
0.137918 0.625832 0.236239 0.000010
0.101497 0.472586 0.410076 0.015841
0.205729 0.703396 0.090865 0.000010
0.199010 0.548779 0.252201 0.000010
0.045106 0.712630 0.181303 0.060962
0.047396 0.715506 0.237088 0.000010
0.000010 0.902087 0.049889 0.048014
0.011538 0.763438 0.216800 0.008224
0.491295 0.445787 0.062908 0.000010
0.837886 0.104380 0.000010 0.057723
0.831892 0.105201 0.000010 0.062897
0.231522 0.637033 0.131435 0.000010
0.059033 0.891760 0.000010 0.049197
0.022760 0.678510 0.256747 0.041983
0.000010 0.768926 0.207979 0.023085
0.000010 0.593093 0.406887 0.000010
0.000010 0.756882 0.243098 0.000010
0.017915 0.854293 0.127782 0.000010
0.102988 0.490959 0.388545 0.017508
0.057545 0.776974 0.160973 0.004508
0.045178 0.760941 0.140408 0.053473
0.061987 0.795861 0.065432 0.076720
0.085064 0.636014 0.212213 0.066709
0.011320 0.917499 0.032216 0.038965
0.118586 0.304114 0.577290 0.000010
0.125015 0.570630 0.304345 0.000010
0.000010 0.629169 0.347540 0.023281
0.021149 0.802298 0.149883 0.026670
0.362252 0.235329 0.395183 0.007237
0.211089 0.460889 0.328011 0.000010
0.000010 0.497055 0.486816 0.016119
0.000010 0.986842 0.000010 0.013138
0.000010 0.749416 0.250564 0.000010
0.021136 0.623732 0.355123 0.000010
0.000010 0.769005 0.230617 0.000368
0.000010 0.770515 0.229465 0.000010
0.019164 0.831802 0.122455 0.026578
0.002305 0.800845 0.113853 0.082997
0.012090 0.888276 0.070439 0.029195
0.315268 0.548034 0.125442 0.011255
0.064805 0.714275 0.220910 0.000010
0.095790 0.867056 0.037144 0.000010
0.357902 0.572803 0.069286 0.000010
0.225933 0.660953 0.044213 0.068901
0.012039 0.854995 0.056589 0.076377
0.022221 0.771174 0.146448 0.060157
0.037310 0.668018 0.294662 0.000010
0.213010 0.704619 0.067972 0.014399
0.029369 0.843409 0.127212 0.000010
0.000010 0.961232 0.014872 0.023886
0.000010 0.226330 0.698846 0.074814
0.274933 0.278777 0.381521 0.064768
0.168762 0.000010 0.747030 0.084198
0.127774 0.540785 0.331431 0.000010
0.017313 0.595031 0.378148 0.009508
0.135802 0.592555 0.271633 0.000010
0.008400 0.854323 0.070084 0.067193
0.000010 0.346914 0.635524 0.017552
0.000010 0.630548 0.312514 0.056929
0.081951 0.533048 0.291065 0.093936
0.000010 0.766983 0.232997 0.000010
0.013579 0.651225 0.302677 0.032519
0.012280 0.604161 0.368374 0.015186
0.000010 0.673766 0.326214 0.000010
0.013190 0.506625 0.477825 0.002360
0.180640 0.337677 0.481673 0.000010
0.000010 0.725548 0.261833 0.012609
0.000010 0.529896 0.470084 0.000010
0.014313 0.818967 0.166710 0.000010
0.069793 0.480831 0.449366 0.000010
0.026552 0.611565 0.361872 0.000010
0.042647 0.528728 0.406388 0.022236
0.213011 0.429013 0.357965 0.000010
0.009711 0.405406 0.424261 0.160621
0.048817 0.706752 0.244421 0.000010
0.013748 0.739494 0.219915 0.026844
0.016712 0.213255 0.740195 0.029837
0.033736 0.572464 0.393790 0.000010
0.051819 0.508308 0.439862 0.000010
0.231085 0.476004 0.242175 0.050737
0.099860 0.561230 0.338900 0.000010
0.045328 0.451348 0.503314 0.000010
0.000010 0.719932 0.276515 0.003543
0.000010 0.465328 0.504916 0.029745
0.000010 0.766278 0.233702 0.000010
0.201504 0.537948 0.260538 0.000010
0.002120 0.631935 0.353152 0.012793
0.000010 0.842115 0.121443 0.036433
0.405495 0.284599 0.309896 0.000010
0.039201 0.576582 0.384206 0.000010
0.295618 0.603340 0.091163 0.009879
0.046516 0.842253 0.107880 0.003351
0.000010 0.720666 0.279314 0.000010
0.131889 0.727457 0.140644 0.000010
0.001053 0.830106 0.168831 0.000010
0.303433 0.408839 0.261573 0.026155
0.197514 0.433022 0.369454 0.000010
0.065728 0.817886 0.021187 0.095200
0.120752 0.742905 0.113774 0.022570
0.139683 0.455782 0.404525 0.000010
0.204369 0.440987 0.297406 0.057238
0.160628 0.731620 0.107741 0.000010
0.000010 0.765069 0.144923 0.089998
0.149805 0.743408 0.066425 0.040362
0.129839 0.503817 0.366334 0.000010
0.031850 0.808828 0.089438 0.069884
0.000010 0.957738 0.039361 0.002891
0.015004 0.936226 0.012755 0.036015
0.151141 0.646781 0.202068 0.000010
0.009402 0.458259 0.427478 0.104861
0.025296 0.215602 0.759093 0.000010
0.255312 0.577824 0.152739 0.014125
0.061437 0.675820 0.217453 0.045290
0.019331 0.683274 0.297385 0.000010
0.000010 0.591239 0.351673 0.057078
0.014616 0.597793 0.384395 0.003196
0.036750 0.656091 0.307150 0.000010
0.106470 0.316706 0.488208 0.088616
0.153980 0.296392 0.549619 0.000010
0.251057 0.214960 0.484611 0.049372
0.284138 0.356155 0.237069 0.122638
0.000010 0.774844 0.225136 0.000010
0.062649 0.516232 0.409350 0.011770
0.000010 0.883095 0.116885 0.000010
0.000010 0.925916 0.036405 0.037669
0.194085 0.628150 0.177755 0.000010
0.369611 0.367862 0.221923 0.040604
0.010823 0.726568 0.201277 0.061332
0.080088 0.558068 0.361833 0.000010
0.011279 0.940231 0.048480 0.000010
0.009784 0.907000 0.050964 0.032252
0.048100 0.709994 0.236722 0.005184
0.015556 0.921727 0.062707 0.000010
0.040414 0.817994 0.141581 0.000010
0.452679 0.311105 0.236206 0.000010
0.114260 0.643120 0.242610 0.000010
0.393227 0.372362 0.234401 0.000010
0.000010 0.676751 0.323229 0.000010
0.030941 0.725169 0.181460 0.062429
0.020093 0.698780 0.276645 0.004483
0.015753 0.929518 0.054719 0.000010
0.017367 0.962500 0.000010 0.020124
0.025185 0.960940 0.000010 0.013865
0.008275 0.991705 0.000010 0.000010
0.005129 0.981398 0.013463 0.000010
0.006467 0.993513 0.000010 0.000010
0.000010 0.933008 0.066972 0.000010
0.000010 0.971579 0.028401 0.000010
0.000010 0.950557 0.049423 0.000010
0.000010 0.999830 0.000150 0.000010
0.041575 0.942287 0.011273 0.004865
0.023471 0.962243 0.000010 0.014276
0.000010 0.957607 0.042373 0.000010
0.000010 0.998718 0.001262 0.000010
0.000010 0.946447 0.053533 0.000010
0.000010 0.987939 0.012041 0.000010
0.011227 0.914773 0.073990 0.000010
0.000010 0.958471 0.041509 0.000010
0.000010 0.954696 0.029324 0.015970
0.000010 0.940569 0.031737 0.027684
0.000010 0.965219 0.000010 0.034761
0.001279 0.957342 0.032527 0.008852
0.000010 0.951442 0.000010 0.048538
0.000010 0.960719 0.000010 0.039261
0.017854 0.965689 0.016447 0.000010
0.027091 0.916499 0.056400 0.000010
0.027882 0.932729 0.039379 0.000010
0.000010 0.920915 0.027039 0.052037
0.011213 0.953267 0.035510 0.000010
0.000010 0.938097 0.000010 0.061883
0.000010 0.856938 0.033806 0.109246
0.030205 0.956499 0.013287 0.000010
0.010953 0.874027 0.041712 0.073308
0.008548 0.945435 0.022256 0.023760
0.000010 0.945043 0.054937 0.000010
0.000010 0.959924 0.018175 0.021891
0.012830 0.636854 0.336915 0.013401
0.405168 0.397232 0.197590 0.000010
0.312926 0.318687 0.339570 0.028817
0.295656 0.438487 0.265847 0.000010
0.000010 0.071803 0.928177 0.000010
0.000010 0.615662 0.384318 0.000010
0.000010 0.518723 0.481257 0.000010
0.000010 0.407759 0.592221 0.000010
0.000010 0.201198 0.733812 0.064980
0.000010 0.449802 0.483805 0.066383
0.080220 0.429750 0.460805 0.029225
0.000010 0.284113 0.715867 0.000010
0.000010 0.269287 0.730693 0.000010
0.015933 0.671740 0.000010 0.312318
0.011898 0.723090 0.020301 0.244711
0.011294 0.728250 0.000644 0.259812
0.007515 0.832824 0.030736 0.128926
0.000010 0.000010 0.050016 0.949964
0.000010 0.000010 0.000010 0.999970
0.000010 0.000010 0.008716 0.991264
0.004483 0.000010 0.053899 0.941609
0.033494 0.000010 0.000010 0.966486
0.000010 0.001506 0.013839 0.984645
0.005621 0.901919 0.092450 0.000010
0.027880 0.900541 0.071569 0.000010
0.040824 0.881115 0.078051 0.000010
0.000010 0.990054 0.009926 0.000010
0.000010 0.999283 0.000010 0.000697
0.001969 0.961623 0.036398 0.000010
0.000010 0.900662 0.099318 0.000010
0.009758 0.931224 0.000010 0.059008
0.000010 0.910559 0.056499 0.032932
0.000010 0.947781 0.000010 0.052199
0.000010 0.954991 0.000010 0.044989
0.003067 0.968866 0.028057 0.000010
0.026224 0.869816 0.018343 0.085617
0.023833 0.938467 0.020154 0.017546
0.000196 0.982187 0.008699 0.008918
0.000010 0.901405 0.028157 0.070428
0.000010 0.959390 0.040590 0.000010
0.000010 0.918335 0.040737 0.040918
0.002761 0.997219 0.000010 0.000010
0.007313 0.933041 0.031746 0.027900
0.000010 0.996193 0.003787 0.000010
0.066333 0.933640 0.000017 0.000010
0.000010 0.970185 0.029795 0.000010
0.068558 0.912113 0.016530 0.002799
0.000010 0.956881 0.043099 0.000010
0.025498 0.880408 0.047444 0.046650
0.000010 0.918968 0.081012 0.000010
0.161323 0.785708 0.052959 0.000010
0.111416 0.841525 0.026122 0.020937
0.015534 0.921281 0.039627 0.023558
0.000010 0.956137 0.000010 0.043843
0.008924 0.947839 0.043227 0.000010
0.007611 0.935207 0.000010 0.057172
0.033213 0.932839 0.000010 0.033937
0.024364 0.963796 0.011831 0.000010
0.053799 0.928166 0.000010 0.018025
0.069096 0.779979 0.098643 0.052281
0.030473 0.844834 0.107147 0.017546
0.027362 0.852835 0.108428 0.011375
0.000010 0.935613 0.000010 0.064367
0.000010 0.929550 0.020716 0.049724
0.000010 0.943033 0.056947 0.000010
0.000010 0.967723 0.032257 0.000010
0.000010 0.971657 0.028323 0.000010
0.000010 0.972214 0.016467 0.011309
0.000010 0.978073 0.016621 0.005296
0.000010 0.925832 0.000010 0.074148
0.000010 0.965100 0.022192 0.012698
0.000010 0.959693 0.000010 0.040287
0.000010 0.984170 0.015810 0.000010
0.000010 0.984984 0.007701 0.007305
0.060100 0.893101 0.030377 0.016422
0.021115 0.913389 0.018801 0.046695
0.083684 0.864365 0.035778 0.016173
0.025410 0.883706 0.005839 0.085044
0.013891 0.900380 0.016585 0.069143
0.005480 0.919404 0.051340 0.023776
0.018595 0.978351 0.003044 0.000010
0.019122 0.974729 0.000010 0.006139
0.010344 0.966230 0.023415 0.000010
0.000010 0.976200 0.023780 0.000010
0.000010 0.999970 0.000010 0.000010
0.000010 0.999970 0.000010 0.000010
0.023252 0.906226 0.070512 0.000010
0.010114 0.928205 0.061672 0.000010
0.019709 0.908563 0.071718 0.000010
0.032966 0.929248 0.037777 0.000010
0.000010 0.944193 0.055787 0.000010
0.028876 0.958507 0.012608 0.000010
0.000010 0.975389 0.024591 0.000010
0.000010 0.898238 0.000010 0.101742
0.000010 0.966752 0.033228 0.000010
0.006275 0.980089 0.000010 0.013626
0.009515 0.945056 0.045419 0.000010
0.000010 0.976683 0.023297 0.000010
0.016396 0.910426 0.000010 0.073168
0.000010 0.938609 0.000602 0.060778
0.023317 0.941623 0.017059 0.018000
0.000010 0.970147 0.029833 0.000010
0.009162 0.890263 0.006378 0.094196
0.000010 0.951289 0.014131 0.034570
0.032186 0.936367 0.000010 0.031436
0.053639 0.853760 0.051088 0.041514
0.004437 0.929857 0.035799 0.029907
0.000010 0.982685 0.000458 0.016847
0.029585 0.941684 0.005129 0.023602
0.000010 0.992197 0.007783 0.000010
0.000010 0.987389 0.000010 0.012591
0.000010 0.891220 0.108760 0.000010
0.000010 0.918656 0.059156 0.022178
0.000010 0.961412 0.000417 0.038161
0.000010 0.961983 0.037997 0.000010
0.000010 0.945926 0.040900 0.013164
0.000010 0.976196 0.012639 0.011154
0.006487 0.943050 0.044194 0.006268
0.007954 0.918813 0.023436 0.049797
0.004048 0.920093 0.043821 0.032039
0.012315 0.923154 0.064521 0.000010
0.010975 0.947699 0.041245 0.000081
0.024919 0.949331 0.000010 0.025740
0.002440 0.973338 0.024212 0.000010
0.000010 0.868368 0.087311 0.044311
0.000010 0.955053 0.000010 0.044927
0.000010 0.956247 0.043733 0.000010
0.000010 0.988131 0.011849 0.000010
0.000010 0.000010 0.000010 0.999970
0.000478 0.000010 0.000010 0.999502
0.000010 0.000010 0.014560 0.985420
0.000010 0.000010 0.024492 0.975488
0.000010 0.001218 0.045463 0.953309
0.000010 0.015038 0.000010 0.984942
0.000010 0.000010 0.046175 0.953805
0.000010 0.012768 0.000010 0.987212
0.000010 0.020552 0.041475 0.937963
0.000010 0.000010 0.019830 0.980150
0.000010 0.000010 0.043398 0.956582
0.000010 0.000010 0.013313 0.986667
0.000010 0.010662 0.042832 0.946496
0.000010 0.000010 0.000010 0.999970
0.000010 0.000010 0.005161 0.994819
0.000010 0.000010 0.057831 0.942149
0.000010 0.000010 0.067277 0.932703
0.000010 0.000010 0.016417 0.983563
0.000010 0.000010 0.000010 0.999970
0.000010 0.000010 0.024773 0.975207
0.000010 0.000010 0.000010 0.999970
0.000010 0.040523 0.074551 0.884915
0.000010 0.000010 0.000010 0.999970
0.000010 0.000010 0.019779 0.980201
0.000010 0.000010 0.073757 0.926223
0.000010 0.000010 0.000010 0.999970
0.000010 0.043681 0.030071 0.926239
0.000010 0.000010 0.017060 0.982920
0.006915 0.014105 0.046503 0.932477
0.000010 0.030320 0.015745 0.953925
0.005102 0.023563 0.000010 0.971325
0.000010 0.040136 0.067043 0.892811
0.000133 0.070926 0.000010 0.928931
0.000010 0.000010 0.043789 0.956191
0.000010 0.014518 0.010055 0.975417
0.000010 0.000010 0.000010 0.999970
0.000010 0.015414 0.000010 0.984566
0.000010 0.075394 0.000010 0.924586
0.000010 0.012791 0.008259 0.978939
0.000010 0.045796 0.010405 0.943789
0.000010 0.049348 0.018213 0.932429
0.000010 0.000010 0.000010 0.999970
0.000010 0.000496 0.009005 0.990489
0.000010 0.000010 0.000010 0.999970
0.000010 0.006924 0.020865 0.972201
0.000010 0.013780 0.045362 0.940848
0.000010 0.000010 0.001424 0.998556
0.000010 0.001432 0.031125 0.967433
0.000010 0.026822 0.000010 0.973158
0.000010 0.009439 0.013849 0.976702
0.000010 0.012792 0.100936 0.886262
0.000010 0.000010 0.000010 0.999970
0.000010 0.009201 0.000010 0.990779
0.000010 0.000010 0.000010 0.999970
0.000430 0.022541 0.006886 0.970142
0.001183 0.084844 0.016752 0.897221
0.806737 0.162831 0.030422 0.000010
0.486014 0.232003 0.017292 0.264690
0.946612 0.030980 0.007156 0.015251
0.932607 0.052907 0.014476 0.000010
0.623987 0.350274 0.025729 0.000010
0.928873 0.011437 0.057060 0.002630
0.834764 0.091366 0.073859 0.000010
0.585319 0.391246 0.023425 0.000010
0.802856 0.172875 0.024259 0.000010
0.805172 0.152849 0.041969 0.000010
0.999970 0.000010 0.000010 0.000010
0.923934 0.049356 0.014989 0.011721
0.966450 0.023053 0.010487 0.000010
0.071647 0.221374 0.706970 0.000010
0.000010 0.166425 0.791060 0.042505
0.846521 0.153459 0.000010 0.000010
0.771156 0.228824 0.000010 0.000010
0.997182 0.002798 0.000010 0.000010
0.934107 0.050402 0.000010 0.015481
0.045840 0.322375 0.631775 0.000010
0.835130 0.164847 0.000013 0.000010
0.688561 0.298902 0.012528 0.000010
0.951568 0.038374 0.000010 0.010048
0.659908 0.325269 0.014740 0.000083
0.000010 0.184005 0.776448 0.039537
0.000010 0.393632 0.558776 0.047583
0.000010 0.366494 0.515391 0.118105
0.000010 0.000010 0.965594 0.034386
0.021220 0.084388 0.838209 0.056182
0.000010 0.000010 0.999970 0.000010
0.000010 0.000010 0.978127 0.021853
0.253721 0.092202 0.632603 0.021474
0.214872 0.000010 0.785108 0.000010
0.000010 0.000010 0.999970 0.000010
0.000010 0.000010 0.989667 0.010313
0.000010 0.000010 0.999970 0.000010
0.000010 0.206997 0.792983 0.000010
0.175004 0.065242 0.719969 0.039785
0.054208 0.260780 0.685002 0.000010
0.000010 0.344597 0.655383 0.000010
0.000010 0.000010 0.999970 0.000010
0.000010 0.239018 0.747817 0.013155
0.003305 0.033857 0.922131 0.040708
0.040879 0.456269 0.487388 0.015464
0.041736 0.173091 0.780243 0.004930
0.104321 0.016178 0.879491 0.000010
0.086648 0.113423 0.657093 0.142837
0.096533 0.076455 0.711820 0.115193
0.000010 0.055268 0.346906 0.597816
0.017064 0.149668 0.833258 0.000010
0.000010 0.054272 0.828108 0.117610
0.152701 0.346221 0.500450 0.000629
0.000010 0.068928 0.716968 0.214095
0.000010 0.039857 0.828940 0.131193
0.000010 0.000010 0.954115 0.045865
0.013762 0.000010 0.986218 0.000010
0.009158 0.000010 0.930688 0.060144
0.000010 0.128656 0.738450 0.132883
0.000010 0.137346 0.700542 0.162102
0.000010 0.119080 0.696401 0.184509
0.992837 0.000010 0.007143 0.000010
0.969994 0.029986 0.000010 0.000010
0.944387 0.055593 0.000010 0.000010
0.607578 0.369464 0.000010 0.022948
0.000010 0.000010 0.946794 0.053186
0.446954 0.076930 0.426565 0.049551
0.114171 0.299211 0.543741 0.042877
0.000010 0.000010 0.967750 0.032230
0.060268 0.135655 0.749149 0.054928
0.000010 0.208638 0.791342 0.000010
0.237706 0.287004 0.363263 0.112027
0.204052 0.224829 0.536432 0.034687
0.000010 0.000010 0.999970 0.000010
0.000010 0.079993 0.919987 0.000010
0.000010 0.000010 0.999970 0.000010
0.000010 0.041470 0.958510 0.000010
0.000010 0.221547 0.778433 0.000010
0.000010 0.067250 0.932730 0.000010
0.000010 0.339134 0.656376 0.004481
0.000010 0.275310 0.724670 0.000010
0.000010 0.297882 0.702098 0.000010
0.025950 0.210445 0.656894 0.106711
0.000010 0.474864 0.512575 0.012552
0.021126 0.571182 0.295834 0.111858
0.921253 0.074045 0.004692 0.000010
0.790539 0.184833 0.024618 0.000010
0.838030 0.050085 0.000010 0.111875
0.348096 0.634350 0.000010 0.017544
0.566479 0.320526 0.102456 0.010539
0.853411 0.034429 0.004181 0.107979
0.000010 0.104969 0.895011 0.000010
0.000011 0.000010 0.999969 0.000010
0.000010 0.097704 0.902276 0.000010
0.000010 0.055526 0.944454 0.000010
0.010936 0.143727 0.845327 0.000010
0.000010 0.083347 0.910010 0.006633
0.000010 0.000010 0.999970 0.000010
0.000010 0.000010 0.999970 0.000010
0.286311 0.228926 0.480644 0.004119
0.036875 0.049624 0.834058 0.079443
0.872392 0.127546 0.000010 0.000052
0.651301 0.315687 0.000010 0.033002
0.579255 0.386542 0.000010 0.034194
0.951555 0.042951 0.000010 0.005484
0.947251 0.042924 0.000010 0.009815
0.949348 0.044045 0.006597 0.000010
0.000010 0.000010 0.040407 0.959573
0.000010 0.045951 0.014677 0.939362
0.000010 0.005034 0.000010 0.994946
0.000010 0.000010 0.011171 0.988809
0.000010 0.024160 0.000010 0.975820
0.000010 0.000010 0.043217 0.956763
0.006948 0.058309 0.020029 0.914714
0.000010 0.013599 0.000010 0.986381
0.000010 0.002653 0.000010 0.997327
0.009287 0.000010 0.020488 0.970215
0.016413 0.026644 0.010373 0.946569
0.000010 0.006090 0.004794 0.989106
0.000010 0.027631 0.023268 0.949092
0.025548 0.021550 0.005375 0.947526
0.000010 0.035689 0.034838 0.929463
0.024194 0.020189 0.028938 0.926678
0.000010 0.004020 0.050762 0.945208
0.000010 0.000010 0.032949 0.967031
0.000860 0.065999 0.026402 0.906740
0.000010 0.041225 0.040739 0.918026
0.000010 0.000821 0.062547 0.936622
0.000010 0.004580 0.012921 0.982489
0.675147 0.262354 0.062489 0.000010
0.857679 0.121338 0.020972 0.000010
0.999970 0.000010 0.000010 0.000010
0.890570 0.097409 0.012011 0.000010
0.917748 0.071211 0.011031 0.000010
0.000010 0.079259 0.000746 0.919985
0.000010 0.032643 0.059544 0.907803
0.005879 0.054698 0.000010 0.939413
0.000010 0.000010 0.099222 0.900758
0.000010 0.012897 0.065204 0.921889
0.000010 0.039522 0.082506 0.877961
0.008934 0.040850 0.000010 0.950206
0.013848 0.034363 0.013211 0.938578
0.000010 0.004603 0.012420 0.982967
0.001128 0.000010 0.013969 0.984893
0.000010 0.035935 0.000010 0.964045
0.000010 0.098936 0.064612 0.836442
0.000010 0.128376 0.019856 0.851758
0.000010 0.000010 0.105772 0.894208
0.000010 0.000010 0.000010 0.999970
0.000010 0.033489 0.029247 0.937254
0.000010 0.042631 0.022832 0.934528
0.000010 0.000010 0.032495 0.967485
0.001766 0.000010 0.016558 0.981666
0.000010 0.021266 0.044689 0.934035
0.000010 0.000010 0.013141 0.986839
0.000010 0.000010 0.040475 0.959505
0.000010 0.000632 0.012213 0.987145
0.000010 0.000010 0.040127 0.959853
0.000010 0.000010 0.049067 0.950913
0.002604 0.000010 0.002339 0.995047
0.000010 0.015897 0.024540 0.959553
0.000010 0.000010 0.000010 0.999970
0.004751 0.020149 0.033799 0.941301
0.012806 0.182632 0.804552 0.000010
0.031537 0.196194 0.752609 0.019660
0.061948 0.376989 0.561052 0.000010
0.981085 0.000010 0.000010 0.018895
0.000010 0.200243 0.727570 0.072176
0.000010 0.083373 0.901588 0.015029
0.000010 0.000010 0.992095 0.007885
0.000010 0.000010 0.999970 0.000010
0.861725 0.114504 0.023761 0.000010
0.928374 0.065344 0.000139 0.006142
0.967212 0.032768 0.000010 0.000010
0.000010 0.054785 0.000010 0.945195
0.000010 0.000010 0.000010 0.999970
0.000010 0.000010 0.028906 0.971074
0.000010 0.000010 0.000010 0.999970
0.000010 0.000010 0.027926 0.972054
0.000010 0.068464 0.000010 0.931516
0.000010 0.064189 0.000010 0.935791
0.000010 0.021070 0.000010 0.978910
0.000010 0.017156 0.000010 0.982824
0.000010 0.015827 0.020762 0.963401
0.008004 0.044676 0.054208 0.893112
0.000010 0.043810 0.000010 0.956170
0.000010 0.050877 0.026977 0.922136
0.000010 0.025868 0.031787 0.942335
0.002117 0.012576 0.006708 0.978600
0.000010 0.087241 0.034718 0.878031
0.000010 0.014553 0.010131 0.975306
0.000010 0.014299 0.034795 0.950896
0.000010 0.000010 0.000010 0.999970
0.000010 0.022650 0.000010 0.977330
0.000010 0.051629 0.035309 0.913052
0.000010 0.000010 0.002377 0.997603
0.797554 0.042595 0.038186 0.121665
0.841178 0.142467 0.009314 0.007041
0.850203 0.000010 0.008107 0.141680
0.000010 0.295890 0.635943 0.068157
0.000010 0.000010 0.999970 0.000010
0.000010 0.088182 0.881649 0.030159
0.000012 0.000010 0.999968 0.000010
0.000010 0.000010 0.004605 0.995375
0.000010 0.000010 0.073289 0.926691
0.014628 0.000010 0.000010 0.985352
0.000010 0.000010 0.013539 0.986441
0.000010 0.000010 0.022559 0.977421
0.000010 0.021889 0.089960 0.888141
0.000010 0.006097 0.000010 0.993883
0.003568 0.000010 0.000010 0.996412
0.000010 0.000010 0.064724 0.935256
0.000010 0.000010 0.000010 0.999970
0.000010 0.016136 0.032870 0.950984
0.000010 0.000010 0.000010 0.999970
0.000010 0.000010 0.015993 0.983987
0.000010 0.000010 0.000010 0.999970
0.000010 0.000010 0.000010 0.999970
0.000010 0.005727 0.018165 0.976098
0.000010 0.000010 0.007250 0.992730
0.000010 0.000010 0.036491 0.963489
0.003973 0.000010 0.017708 0.978308
0.000010 0.000010 0.046259 0.953721
0.000010 0.983913 0.016067 0.000010
0.007411 0.931825 0.055878 0.004886
0.016654 0.902201 0.043062 0.038083
0.000010 0.970879 0.029101 0.000010
0.000010 0.963240 0.036740 0.000010
0.021196 0.960192 0.018602 0.000010
0.000010 0.994421 0.003742 0.001827
0.015486 0.950970 0.033534 0.000010
0.000010 0.958140 0.000010 0.041840
0.006116 0.961098 0.032776 0.000010
0.033110 0.923335 0.002737 0.040819
0.008671 0.956595 0.034724 0.000010
0.013134 0.984744 0.000010 0.002113
0.028969 0.965099 0.000010 0.005922
0.000010 0.905436 0.094544 0.000010
0.043747 0.878528 0.074697 0.003028
0.039336 0.862775 0.097879 0.000010
0.008100 0.971715 0.005736 0.014450
0.013700 0.934089 0.052201 0.000010
0.000279 0.958509 0.021455 0.019757
0.000010 0.086283 0.000010 0.913697
0.006477 0.409856 0.583657 0.000010
0.007796 0.519926 0.427081 0.045197
0.998581 0.000010 0.001399 0.000010
0.627518 0.285391 0.053304 0.033787
0.762858 0.212504 0.024628 0.000010
0.887446 0.097824 0.014720 0.000010
0.000010 0.000010 0.909977 0.090003
0.000010 0.317893 0.682087 0.000010
0.000010 0.107634 0.887870 0.004486
0.000010 0.040130 0.951110 0.008750
0.000010 0.034673 0.924979 0.040338
0.000010 0.154062 0.845918 0.000010
0.000010 0.000010 0.976570 0.023410
0.000010 0.000010 0.999970 0.000010
0.000010 0.000010 0.999970 0.000010
0.212888 0.059872 0.727230 0.000010
0.000010 0.000010 0.999970 0.000010
