0.000010 0.000010 0.210617 0.000010 0.789343 0.000010
0.000010 0.075917 0.000010 0.000010 0.717070 0.206982
0.000010 0.058106 0.000010 0.000010 0.810115 0.131749
0.019779 0.002546 0.035740 0.000010 0.904302 0.037623
0.000010 0.075826 0.000010 0.000010 0.831987 0.092157
0.021719 0.062039 0.000010 0.000010 0.871435 0.044787
0.000010 0.045983 0.110977 0.000010 0.843010 0.000010
0.000010 0.064029 0.000010 0.000010 0.907420 0.028521
0.032538 0.019107 0.117392 0.000010 0.801422 0.029531
0.000010 0.021940 0.276617 0.000010 0.701413 0.000010
0.022043 0.056711 0.051719 0.021862 0.811844 0.035821
0.000010 0.000010 0.207134 0.000010 0.792826 0.000010
0.014307 0.000010 0.027212 0.000010 0.865372 0.093088
0.021893 0.069861 0.010285 0.000010 0.841402 0.056549
0.000010 0.075672 0.021254 0.000010 0.903044 0.000010
0.000010 0.029186 0.000010 0.000010 0.922153 0.048631
0.000010 0.068552 0.259114 0.000010 0.672304 0.000010
0.012323 0.013560 0.075017 0.000010 0.811247 0.087844
0.008206 0.098580 0.000010 0.000010 0.893184 0.000010
0.000010 0.049331 0.000010 0.000010 0.871831 0.078808
0.000010 0.032426 0.000010 0.000010 0.790057 0.177487
0.000010 0.000010 0.213339 0.000010 0.767223 0.019408
0.000010 0.066591 0.052527 0.000010 0.880852 0.000010
0.000010 0.000010 0.227218 0.000010 0.772742 0.000010
0.023579 0.021114 0.107868 0.000010 0.753976 0.093453
0.000010 0.000010 0.232676 0.000010 0.767284 0.000010
0.000010 0.051871 0.000010 0.000010 0.861220 0.086879
0.000010 0.037953 0.049367 0.000010 0.912650 0.000010
0.092201 0.000010 0.054949 0.000010 0.852819 0.000010
0.000010 0.074383 0.000010 0.000010 0.875350 0.050237
0.022869 0.106423 0.000010 0.000010 0.808736 0.061952
0.053207 0.081643 0.000010 0.000010 0.843692 0.021438
0.007176 0.000010 0.192164 0.000010 0.800630 0.000010
0.000010 0.024133 0.222988 0.000010 0.752850 0.000010
0.056256 0.011250 0.172803 0.001179 0.758502 0.000010
0.000010 0.039122 0.050513 0.001526 0.883479 0.025351
0.028556 0.043588 0.000010 0.000010 0.907105 0.020730
0.000010 0.067587 0.000010 0.031428 0.811216 0.089749
0.032571 0.008164 0.000010 0.000010 0.959235 0.000010
0.053070 0.011723 0.106385 0.000010 0.798665 0.030147
0.036180 0.037425 0.075643 0.000010 0.811949 0.038794
0.031598 0.000010 0.165774 0.019139 0.698212 0.085267
0.000010 0.005841 0.163698 0.000010 0.811187 0.019254
0.000010 0.000010 0.254356 0.000010 0.745604 0.000010
0.000010 0.000010 0.202442 0.000010 0.797518 0.000010
0.000010 0.069100 0.022585 0.000010 0.785628 0.122666
0.000010 0.042369 0.012359 0.035416 0.884987 0.024859
0.024130 0.028313 0.037454 0.000010 0.853691 0.056402
0.000010 0.026808 0.044474 0.000010 0.803997 0.124701
0.000010 0.046231 0.000010 0.000010 0.879591 0.074148
0.000010 0.025539 0.251707 0.000010 0.722724 0.000010
0.008497 0.036756 0.000010 0.000010 0.857874 0.096853
0.001294 0.070899 0.064427 0.006577 0.791577 0.065226
0.000010 0.058116 0.000010 0.020083 0.921771 0.000010
0.000010 0.037973 0.156614 0.000010 0.805383 0.000010
0.104954 0.048375 0.022210 0.000010 0.798154 0.026297
0.057269 0.000010 0.279660 0.000010 0.663041 0.000010
0.053951 0.024754 0.027285 0.000010 0.776136 0.117865
0.022572 0.047126 0.000010 0.000010 0.770210 0.160073
0.081222 0.031754 0.000010 0.000010 0.813853 0.073150
0.000010 0.080142 0.000010 0.000010 0.841526 0.078302
0.033206 0.000010 0.299380 0.000010 0.606627 0.060768
0.000010 0.000010 0.353389 0.000010 0.646571 0.000010
0.038262 0.032542 0.000010 0.052039 0.850075 0.027072
0.083629 0.077073 0.000010 0.000010 0.655315 0.183964
0.127843 0.135093 0.000010 0.000010 0.737034 0.000010
0.109420 0.083071 0.000010 0.000010 0.807479 0.000010
0.000010 0.102577 0.000010 0.000010 0.892691 0.004702
0.005725 0.135031 0.000010 0.000010 0.795390 0.063834
0.094617 0.000010 0.000010 0.000010 0.758844 0.146509
0.069290 0.050425 0.035341 0.000010 0.805103 0.039831
0.000010 0.132252 0.072923 0.012543 0.689968 0.092305
0.000010 0.000010 0.292495 0.000010 0.675626 0.031849
0.000010 0.043437 0.000010 0.000010 0.948836 0.007697
0.077677 0.050720 0.011653 0.000010 0.854218 0.005722
0.000010 0.026051 0.000010 0.000010 0.785006 0.188913
0.003390 0.000010 0.040090 0.000010 0.828582 0.127918
0.015047 0.000010 0.135385 0.008635 0.800399 0.040524
0.000010 0.000010 0.183474 0.000010 0.816486 0.000010
0.000010 0.018905 0.073277 0.000010 0.785225 0.122573
0.009950 0.007596 0.112190 0.000010 0.785280 0.084975
0.000010 0.000010 0.089046 0.000010 0.883382 0.027542
0.000010 0.054598 0.000010 0.000010 0.813028 0.132345
0.000010 0.063898 0.000010 0.000010 0.874402 0.061670
0.029573 0.023447 0.000010 0.000010 0.856430 0.090530
0.092662 0.052681 0.000010 0.000010 0.845716 0.008921
0.008861 0.044296 0.041888 0.000010 0.791485 0.113460
0.000010 0.004203 0.294482 0.000010 0.701285 0.000010
0.000010 0.064742 0.028408 0.000010 0.848623 0.058207
0.000010 0.000010 0.326328 0.000010 0.673632 0.000010
0.000010 0.028539 0.062570 0.000010 0.834569 0.074302
0.046902 0.000010 0.000010 0.000010 0.953058 0.000010
0.000010 0.000010 0.282863 0.000010 0.717097 0.000010
0.029934 0.000010 0.000010 0.012910 0.778604 0.178532
0.000010 0.058179 0.000010 0.000010 0.834787 0.107004
0.005772 0.037293 0.091618 0.000010 0.798767 0.066540
0.004725 0.033630 0.008728 0.000010 0.891280 0.061627
0.000010 0.000010 0.271372 0.000010 0.728588 0.000010
0.000010 0.071652 0.000010 0.000010 0.868014 0.060304
0.042978 0.035357 0.000010 0.000010 0.921635 0.000010
0.040829 0.022947 0.000010 0.001877 0.934326 0.000010
0.015456 0.000010 0.296018 0.000010 0.677602 0.010905
0.000010 0.023193 0.000489 0.000010 0.849537 0.126761
0.138591 0.036059 0.014776 0.000010 0.649939 0.160625
0.104402 0.064172 0.000010 0.000010 0.782522 0.048884
0.026995 0.037887 0.000010 0.000010 0.837024 0.098074
0.064092 0.000010 0.000010 0.000010 0.676717 0.259161
0.061412 0.036108 0.009237 0.000010 0.796564 0.096669
0.000010 0.058269 0.308324 0.000010 0.633377 0.000010
0.089211 0.007475 0.003563 0.000010 0.899731 0.000010
0.051339 0.026988 0.272548 0.000010 0.649105 0.000010
0.079825 0.000010 0.002880 0.000010 0.719806 0.197469
0.023280 0.022293 0.509586 0.000010 0.401153 0.043679
0.000010 0.042898 0.000010 0.000010 0.903317 0.053756
0.159449 0.014278 0.000010 0.000010 0.826243 0.000010
0.090178 0.125358 0.000010 0.000010 0.745909 0.038535
0.074604 0.007868 0.078480 0.000010 0.715318 0.123720
0.007415 0.000010 0.205377 0.000010 0.724808 0.062380
0.180291 0.000010 0.000010 0.000010 0.818131 0.001549
0.055654 0.000010 0.112560 0.000010 0.817762 0.014003
0.011581 0.000010 0.293152 0.000010 0.695237 0.000010
0.063421 0.005798 0.000010 0.012828 0.759113 0.158830
0.038123 0.105546 0.000010 0.000010 0.696256 0.160055
0.000010 0.004766 0.397644 0.000010 0.597560 0.000010
0.057190 0.051914 0.000010 0.000010 0.890866 0.000010
0.000010 0.056073 0.000010 0.000010 0.779095 0.164802
0.116293 0.043688 0.018420 0.000010 0.773816 0.047773
0.011158 0.049437 0.108332 0.014048 0.817014 0.000010
0.064663 0.029506 0.039104 0.000010 0.717256 0.149461
0.181409 0.000560 0.000010 0.000010 0.779046 0.038965
0.088690 0.073208 0.020029 0.000010 0.778730 0.039333
0.017169 0.000010 0.248599 0.000010 0.734202 0.000010
0.157482 0.048330 0.023382 0.000010 0.667067 0.103730
0.084645 0.075901 0.048859 0.000010 0.790575 0.000010
0.049369 0.095267 0.059634 0.000010 0.760392 0.035328
0.141142 0.023799 0.011402 0.000010 0.793780 0.029867
0.008122 0.009173 0.398130 0.002287 0.582278 0.000010
0.053725 0.086766 0.022401 0.000010 0.810472 0.026626
0.061819 0.000010 0.189755 0.000010 0.684860 0.063545
0.000010 0.015402 0.293634 0.000010 0.690934 0.000010
0.020809 0.068405 0.334059 0.000010 0.576707 0.000010
0.060089 0.091397 0.000010 0.000010 0.771594 0.076899
0.081988 0.030352 0.059805 0.000010 0.776793 0.051051
0.056311 0.094559 0.002151 0.000010 0.846960 0.000010
0.000010 0.009398 0.246427 0.000010 0.744145 0.000010
0.058836 0.105492 0.017349 0.000010 0.818303 0.000010
0.021390 0.023444 0.149354 0.000010 0.724747 0.081055
0.089338 0.025813 0.043621 0.023546 0.795898 0.021784
0.053021 0.034419 0.072485 0.008977 0.720783 0.110315
0.082310 0.051239 0.016775 0.000010 0.834097 0.015569
0.055441 0.147292 0.012355 0.007914 0.669303 0.107695
0.098325 0.030291 0.189393 0.000010 0.681971 0.000010
0.016267 0.005022 0.207289 0.000010 0.686016 0.085396
0.084247 0.037104 0.000010 0.000010 0.878619 0.000010
0.068350 0.048139 0.007776 0.000010 0.704824 0.170900
0.081942 0.003929 0.000010 0.000010 0.868581 0.045529
0.067980 0.069308 0.043999 0.000010 0.761290 0.057412
0.005113 0.022652 0.000010 0.000010 0.898629 0.073587
0.123861 0.000010 0.214258 0.000010 0.603831 0.058030
0.089133 0.013572 0.038211 0.000010 0.824879 0.034195
0.090756 0.000010 0.008989 0.000010 0.851167 0.049068
0.097477 0.000010 0.011554 0.000010 0.811379 0.079570
0.109289 0.000010 0.073246 0.000010 0.817435 0.000010
0.102531 0.000010 0.015603 0.000010 0.866435 0.015411
0.045232 0.104020 0.000010 0.005204 0.733185 0.112349
0.112844 0.019532 0.000018 0.000010 0.818632 0.048963
0.085656 0.003474 0.000010 0.000010 0.813966 0.096884
0.102001 0.066173 0.002790 0.000010 0.799518 0.029507
0.027721 0.030181 0.332037 0.000010 0.544389 0.065663
0.027025 0.065907 0.036024 0.000010 0.785230 0.085805
0.029288 0.030561 0.321788 0.000010 0.618344 0.000010
0.015156 0.024310 0.011842 0.000010 0.744483 0.204199
0.000010 0.000010 0.341641 0.000010 0.658319 0.000010
0.083548 0.053399 0.001002 0.000010 0.801045 0.060996
0.043505 0.000010 0.235796 0.000010 0.720669 0.000010
0.091990 0.034432 0.017628 0.000010 0.855931 0.000010
0.000010 0.082527 0.000010 0.000010 0.779929 0.137514
0.066157 0.004074 0.074404 0.006893 0.805143 0.043329
0.036350 0.159369 0.000757 0.022441 0.705518 0.075566
0.045882 0.119643 0.000010 0.000010 0.772129 0.062326
0.054358 0.005970 0.258527 0.000010 0.681125 0.000010
0.030831 0.137996 0.000010 0.000010 0.694000 0.137153
0.074686 0.000010 0.149099 0.000010 0.776185 0.000010
0.045240 0.000010 0.247362 0.000010 0.707368 0.000010
0.000010 0.000010 0.243530 0.000010 0.756430 0.000010
0.830476 0.000010 0.164924 0.004571 0.000010 0.000010
0.878385 0.000010 0.121575 0.000010 0.000010 0.000010
0.947627 0.022620 0.029723 0.000010 0.000010 0.000010
0.683033 0.098326 0.218611 0.000010 0.000010 0.000010
0.840967 0.054264 0.096765 0.000010 0.000010 0.007984
0.752499 0.001054 0.246416 0.000010 0.000010 0.000010
0.839645 0.000010 0.160315 0.000010 0.000010 0.000010
0.753266 0.022378 0.224327 0.000010 0.000010 0.000010
0.873404 0.091897 0.030725 0.000010 0.003954 0.000010
0.846110 0.000010 0.153850 0.000010 0.000010 0.000010
0.836477 0.058273 0.105220 0.000010 0.000010 0.000010
0.775820 0.000010 0.224140 0.000010 0.000010 0.000010
0.833216 0.105800 0.030822 0.002105 0.000010 0.028047
0.743537 0.027675 0.228757 0.000010 0.000010 0.000010
0.868965 0.030811 0.100195 0.000010 0.000010 0.000010
0.932605 0.000010 0.010714 0.001858 0.000010 0.054804
0.893454 0.000010 0.106506 0.000010 0.000010 0.000010
0.700183 0.062571 0.237216 0.000010 0.000010 0.000010
0.819093 0.025889 0.154988 0.000010 0.000010 0.000010
0.713181 0.053011 0.233778 0.000010 0.000010 0.000010
0.801913 0.000010 0.198047 0.000010 0.000010 0.000010
0.892983 0.024835 0.082153 0.000010 0.000010 0.000010
0.814264 0.000010 0.185696 0.000010 0.000010 0.000010
0.911159 0.028950 0.042824 0.000010 0.000010 0.017047
0.881082 0.024932 0.093957 0.000010 0.000010 0.000010
0.915999 0.039938 0.000010 0.000010 0.044033 0.000010
0.773755 0.026254 0.199961 0.000010 0.000010 0.000010
0.890652 0.070199 0.000010 0.000010 0.011462 0.027667
0.828624 0.089525 0.000010 0.000010 0.024780 0.057052
0.953863 0.004814 0.000010 0.000010 0.041293 0.000010
0.992033 0.000010 0.000010 0.000010 0.007927 0.000010
0.976212 0.000010 0.000010 0.000010 0.023748 0.000010
0.875161 0.000014 0.124795 0.000010 0.000010 0.000010
0.903230 0.000010 0.096730 0.000010 0.000010 0.000010
0.921567 0.026628 0.051775 0.000010 0.000010 0.000010
0.860039 0.005450 0.134482 0.000010 0.000010 0.000010
0.819449 0.023888 0.156633 0.000010 0.000010 0.000010
0.894092 0.000010 0.105868 0.000010 0.000010 0.000010
0.855147 0.123680 0.021143 0.000010 0.000010 0.000010
0.768624 0.000010 0.231336 0.000010 0.000010 0.000010
0.911737 0.000010 0.088223 0.000010 0.000010 0.000010
0.810236 0.000010 0.120539 0.000010 0.000010 0.069195
0.802933 0.043311 0.153726 0.000010 0.000010 0.000010
0.856989 0.000010 0.112189 0.000010 0.000010 0.030792
0.786237 0.055510 0.158223 0.000010 0.000010 0.000010
0.907660 0.018183 0.072607 0.000010 0.001530 0.000010
0.878261 0.056020 0.065689 0.000010 0.000010 0.000010
0.928632 0.071328 0.000010 0.000010 0.000010 0.000010
0.853317 0.034616 0.059372 0.000010 0.000010 0.052675
0.915465 0.025580 0.000010 0.000010 0.000010 0.058924
0.833947 0.034430 0.052882 0.000010 0.000010 0.078720
0.908881 0.000010 0.000010 0.000010 0.000010 0.091079
0.914530 0.000010 0.000010 0.000010 0.000010 0.085430
0.804483 0.000010 0.195477 0.000010 0.000010 0.000010
0.884267 0.000010 0.115693 0.000010 0.000010 0.000010
0.971963 0.002257 0.000010 0.000010 0.025750 0.000010
0.930051 0.000010 0.069909 0.000010 0.000010 0.000010
0.960853 0.000010 0.000010 0.000010 0.039107 0.000010
0.975496 0.000010 0.000010 0.000010 0.000010 0.024464
0.928436 0.038769 0.000010 0.000010 0.006680 0.026095
0.814237 0.000010 0.185723 0.000010 0.000010 0.000010
0.896923 0.015896 0.086920 0.000010 0.000010 0.000241
0.868325 0.035210 0.096434 0.000010 0.000010 0.000010
0.905219 0.045534 0.049207 0.000020 0.000010 0.000010
0.907748 0.035630 0.056592 0.000010 0.000010 0.000010
0.905929 0.000010 0.094031 0.000010 0.000010 0.000010
0.943601 0.020551 0.000010 0.000010 0.035818 0.000010
0.901324 0.000010 0.098636 0.000010 0.000010 0.000010
0.026391 0.073642 0.000010 0.032896 0.867052 0.000010
0.037970 0.029125 0.000010 0.000010 0.780682 0.152203
0.000010 0.211402 0.041150 0.283669 0.439759 0.024010
0.017323 0.075284 0.064601 0.019488 0.745541 0.077762
0.000010 0.156578 0.000010 0.275126 0.512745 0.055532
0.901034 0.000010 0.098926 0.000010 0.000010 0.000010
0.903979 0.000010 0.095981 0.000010 0.000010 0.000010
0.887546 0.000010 0.112414 0.000010 0.000010 0.000010
0.913760 0.059509 0.021035 0.000010 0.000010 0.005677
0.922160 0.047912 0.004735 0.000010 0.000010 0.025173
0.939519 0.037450 0.000010 0.000010 0.000010 0.023002
0.943743 0.015005 0.041223 0.000010 0.000010 0.000010
0.926318 0.000010 0.000010 0.000010 0.025496 0.048156
0.988776 0.000010 0.000010 0.000010 0.011184 0.000010
0.929756 0.007864 0.062350 0.000010 0.000010 0.000010
0.764944 0.000010 0.235016 0.000010 0.000010 0.000010
0.925180 0.000010 0.073999 0.000010 0.000010 0.000791
0.830575 0.101378 0.068017 0.000010 0.000010 0.000010
0.783616 0.000507 0.215847 0.000010 0.000010 0.000010
0.847936 0.018620 0.133414 0.000010 0.000010 0.000010
0.927130 0.000010 0.072830 0.000010 0.000010 0.000010
0.943955 0.014460 0.041556 0.000010 0.000010 0.000010
0.986915 0.013045 0.000010 0.000010 0.000010 0.000010
0.877271 0.033278 0.033516 0.000010 0.000010 0.055916
0.808565 0.000010 0.191395 0.000010 0.000010 0.000010
0.845145 0.000010 0.154815 0.000010 0.000010 0.000010
0.844176 0.000010 0.155784 0.000010 0.000010 0.000010
0.804516 0.000010 0.195444 0.000010 0.000010 0.000010
0.762524 0.006701 0.230745 0.000010 0.000010 0.000010
0.906147 0.000010 0.093813 0.000010 0.000010 0.000010
0.915835 0.072883 0.011252 0.000010 0.000010 0.000010
0.865974 0.037278 0.096718 0.000010 0.000010 0.000010
0.920686 0.006703 0.072581 0.000010 0.000010 0.000010
0.839006 0.000010 0.160954 0.000010 0.000010 0.000010
0.839065 0.079122 0.081783 0.000010 0.000010 0.000010
0.910218 0.000010 0.063808 0.000010 0.000010 0.025944
0.891498 0.089591 0.000294 0.000010 0.000010 0.018596
0.755493 0.000010 0.244467 0.000010 0.000010 0.000010
0.897092 0.033313 0.046872 0.000010 0.000010 0.022704
0.828753 0.000010 0.171207 0.000010 0.000010 0.000010
0.804427 0.000010 0.195533 0.000010 0.000010 0.000010
0.883354 0.067215 0.000010 0.000010 0.011889 0.037523
0.812945 0.050908 0.136117 0.000010 0.000010 0.000010
0.894808 0.034800 0.070361 0.000010 0.000010 0.000010
0.851940 0.000010 0.148020 0.000010 0.000010 0.000010
0.918199 0.066179 0.015592 0.000010 0.000010 0.000010
0.892861 0.038334 0.005277 0.000010 0.032841 0.030677
0.837838 0.000010 0.162122 0.000010 0.000010 0.000010
0.887194 0.054698 0.058077 0.000010 0.000010 0.000010
0.895267 0.079727 0.000010 0.000010 0.000010 0.024975
0.886644 0.071486 0.034749 0.000010 0.006210 0.000902
0.866103 0.058049 0.025876 0.000010 0.000010 0.049951
0.937866 0.062055 0.000010 0.000010 0.000049 0.000010
0.955346 0.044614 0.000010 0.000010 0.000010 0.000010
0.934569 0.025731 0.012659 0.000010 0.027021 0.000010
0.893880 0.023814 0.082276 0.000010 0.000010 0.000010
0.827017 0.125509 0.047438 0.000010 0.000016 0.000010
0.815261 0.000010 0.184699 0.000010 0.000010 0.000010
0.781220 0.035848 0.182902 0.000010 0.000010 0.000010
0.021268 0.155705 0.000010 0.098026 0.642817 0.082174
0.000010 0.346274 0.174985 0.172307 0.306414 0.000010
0.000010 0.305990 0.190059 0.072933 0.430998 0.000010
0.054708 0.110130 0.000607 0.008938 0.791273 0.034344
0.000010 0.165772 0.022378 0.115244 0.656201 0.040395
0.059089 0.179465 0.000010 0.100977 0.641868 0.018591
0.880871 0.050753 0.068346 0.000010 0.000010 0.000010
0.833198 0.000010 0.166762 0.000010 0.000010 0.000010
0.825580 0.000010 0.174380 0.000010 0.000010 0.000010
0.823927 0.000010 0.176033 0.000010 0.000010 0.000010
0.919347 0.000010 0.008876 0.000010 0.000010 0.071747
0.862477 0.000010 0.137483 0.000010 0.000010 0.000010
0.872633 0.024070 0.067714 0.000010 0.000010 0.035563
0.825723 0.000010 0.174237 0.000010 0.000010 0.000010
0.841806 0.000010 0.158154 0.000010 0.000010 0.000010
0.838696 0.000010 0.161264 0.000010 0.000010 0.000010
0.946379 0.026731 0.026861 0.000010 0.000010 0.000010
0.927668 0.020206 0.009651 0.000010 0.009850 0.032615
0.838290 0.016367 0.145313 0.000010 0.000010 0.000010
0.814760 0.094326 0.000010 0.000010 0.000010 0.090885
0.796845 0.087766 0.115359 0.000010 0.000010 0.000010
0.767855 0.075301 0.156814 0.000010 0.000010 0.000010
0.916639 0.000010 0.062258 0.000010 0.011267 0.009816
0.964005 0.032083 0.000010 0.000010 0.000010 0.003882
0.813789 0.000010 0.186171 0.000010 0.000010 0.000010
0.879842 0.000010 0.120118 0.000010 0.000010 0.000010
0.758155 0.000010 0.241805 0.000010 0.000010 0.000010
0.798951 0.000010 0.201009 0.000010 0.000010 0.000010
0.765085 0.012346 0.222539 0.000010 0.000010 0.000010
0.869002 0.037003 0.070026 0.000010 0.000010 0.023949
0.894324 0.018489 0.087157 0.000010 0.000010 0.000010
0.874076 0.028663 0.033237 0.007000 0.000010 0.057013
0.881537 0.047758 0.000010 0.000010 0.012972 0.057713
0.870054 0.054159 0.000010 0.000010 0.000010 0.075757
0.887413 0.087187 0.000010 0.000010 0.000010 0.025370
0.798491 0.029792 0.171687 0.000010 0.000010 0.000010
0.797209 0.000010 0.202751 0.000010 0.000010 0.000010
0.801565 0.000010 0.198395 0.000010 0.000010 0.000010
0.806737 0.016865 0.176369 0.000010 0.000010 0.000010
0.965542 0.009862 0.000010 0.000010 0.000010 0.024566
0.895565 0.030729 0.000010 0.000010 0.000010 0.073676
0.923586 0.035259 0.000010 0.000010 0.000010 0.041124
0.891077 0.021607 0.052833 0.000010 0.011527 0.022947
0.905532 0.022878 0.000010 0.000010 0.000010 0.071560
0.878176 0.054479 0.064907 0.000010 0.002419 0.000010
0.888102 0.000010 0.098324 0.000010 0.000010 0.013543
0.946032 0.053928 0.000010 0.000010 0.000010 0.000010
0.009227 0.000010 0.087022 0.000973 0.902758 0.000010
0.026686 0.031565 0.335318 0.059947 0.546474 0.000010
0.000010 0.000010 0.313464 0.008341 0.678166 0.000010
0.021802 0.148271 0.000010 0.170387 0.608098 0.051432
0.000010 0.169407 0.037740 0.040831 0.745960 0.006052
0.000010 0.151547 0.146430 0.030952 0.671051 0.000010
0.027608 0.173968 0.003574 0.050868 0.709693 0.034289
0.000010 0.149412 0.087237 0.036703 0.726629 0.000010
0.031983 0.041984 0.006276 0.000010 0.799045 0.120702
0.000010 0.206881 0.000010 0.086707 0.523527 0.182864
0.028096 0.241919 0.000010 0.070928 0.594608 0.064439
0.000010 0.038177 0.378644 0.079567 0.503592 0.000010
0.002028 0.198558 0.148954 0.056519 0.593931 0.000010
0.926687 0.026873 0.021481 0.000010 0.024939 0.000010
0.867627 0.000010 0.132333 0.000010 0.000010 0.000010
0.958453 0.000010 0.030139 0.000010 0.000010 0.011379
0.907714 0.028819 0.000010 0.000010 0.000010 0.063437
0.936038 0.000010 0.052669 0.000010 0.007585 0.003689
0.850495 0.000010 0.149465 0.000010 0.000010 0.000010
0.878767 0.031167 0.086452 0.000010 0.000010 0.003594
0.841428 0.011324 0.147218 0.000010 0.000010 0.000010
0.896797 0.022802 0.021260 0.000010 0.000010 0.059121
0.819334 0.000010 0.180626 0.000010 0.000010 0.000010
0.774961 0.020479 0.204530 0.000010 0.000010 0.000010
0.865505 0.000010 0.134455 0.000010 0.000010 0.000010
0.869267 0.068671 0.062032 0.000010 0.000010 0.000010
0.873520 0.036538 0.089912 0.000010 0.000010 0.000010
0.833585 0.080622 0.025378 0.001364 0.000010 0.059042
0.030074 0.118400 0.055855 0.014053 0.752948 0.028669
0.000010 0.287336 0.328201 0.034720 0.328078 0.021656
0.000010 0.166752 0.042284 0.414491 0.376453 0.000010
0.000010 0.446607 0.223477 0.118810 0.211086 0.000010
0.020028 0.179670 0.016253 0.067101 0.656269 0.060679
0.000010 0.041578 0.263567 0.180737 0.514097 0.000010
0.000010 0.102967 0.236863 0.177705 0.482446 0.000010
0.000010 0.296886 0.049932 0.013319 0.623857 0.015995
0.000010 0.139645 0.171937 0.067003 0.621394 0.000010
0.000010 0.300161 0.193849 0.028171 0.477799 0.000010
0.008221 0.299162 0.110118 0.067112 0.515377 0.000010
0.033222 0.055668 0.082166 0.019592 0.707963 0.101389
0.000010 0.000010 0.214183 0.066377 0.719410 0.000010
0.073860 0.000010 0.000010 0.023849 0.902261 0.000010
0.015119 0.000010 0.222897 0.320688 0.441276 0.000010
0.038836 0.259956 0.171492 0.050543 0.479164 0.000010
0.053717 0.324819 0.002651 0.000093 0.618710 0.000010
0.000010 0.000010 0.328496 0.000010 0.638363 0.033111
0.000010 0.128863 0.262232 0.009515 0.599370 0.000010
0.014697 0.087339 0.054087 0.011304 0.805424 0.027150
0.046950 0.194915 0.000010 0.055990 0.616667 0.085469
0.089689 0.121772 0.011424 0.007195 0.758359 0.011561
0.000010 0.293903 0.116291 0.016670 0.565772 0.007354
0.026341 0.349317 0.186584 0.100019 0.337729 0.000010
0.000010 0.332702 0.192587 0.007667 0.467024 0.000010
0.033410 0.066421 0.004028 0.000010 0.710542 0.185589
0.028696 0.105863 0.177073 0.039088 0.541241 0.108040
0.000010 0.013715 0.399798 0.011518 0.574950 0.000010
0.000010 0.154981 0.382339 0.006913 0.455747 0.000010
0.000010 0.206564 0.373151 0.011346 0.408919 0.000010
0.000010 0.604515 0.000010 0.000010 0.374185 0.021270
0.000010 0.121872 0.003126 0.258189 0.492962 0.123842
0.003912 0.293420 0.000010 0.205217 0.497431 0.000010
0.047691 0.202991 0.000010 0.018268 0.722674 0.008366
0.018483 0.239353 0.076869 0.060054 0.605231 0.000010
0.041803 0.160817 0.022891 0.015978 0.758501 0.000010
0.000010 0.031187 0.128483 0.303705 0.536605 0.000010
0.050129 0.077474 0.102760 0.016237 0.753390 0.000010
0.010685 0.189168 0.000010 0.168748 0.631380 0.000010
0.000010 0.169449 0.037722 0.086880 0.644328 0.061611
0.000010 0.034473 0.051893 0.079687 0.755234 0.078703
0.025898 0.051607 0.015642 0.071909 0.808610 0.026334
0.068828 0.080339 0.052503 0.049068 0.749252 0.000010
0.000010 0.210945 0.066288 0.154543 0.514742 0.053472
0.021225 0.098730 0.000010 0.167584 0.712440 0.000010
0.000010 0.000869 0.248366 0.228491 0.370236 0.152028
0.000010 0.221412 0.000010 0.269452 0.509106 0.000010
0.000010 0.061638 0.000010 0.458928 0.422263 0.057151
0.000010 0.075122 0.000010 0.453305 0.449429 0.022124
0.000010 0.089974 0.162031 0.011533 0.671525 0.064928
0.002451 0.008510 0.175459 0.000010 0.811941 0.001629
0.000010 0.038923 0.255185 0.000010 0.700054 0.005818
0.000010 0.041646 0.000010 0.096321 0.798821 0.063192
0.000010 0.057453 0.038932 0.683676 0.219919 0.000010
0.000010 0.070843 0.000010 0.448366 0.479859 0.000913
0.000010 0.283675 0.224389 0.049642 0.428102 0.014182
0.000010 0.268502 0.006652 0.023015 0.601042 0.100778
0.022103 0.021129 0.120022 0.000010 0.836726 0.000010
0.044541 0.277507 0.132157 0.037705 0.508080 0.000010
0.063841 0.042918 0.175075 0.010245 0.707911 0.000010
0.027435 0.487298 0.000010 0.007528 0.465429 0.012299
0.000010 0.488855 0.078031 0.000010 0.425359 0.007735
0.005517 0.420229 0.050265 0.105299 0.357542 0.061148
0.014034 0.150100 0.215889 0.057817 0.517497 0.044663
0.041614 0.094290 0.034982 0.051232 0.701794 0.076089
0.012130 0.019831 0.216261 0.037136 0.662218 0.052425
0.023575 0.172923 0.045606 0.025455 0.710124 0.022317
0.000010 0.112547 0.250980 0.135166 0.501287 0.000010
0.000010 0.603433 0.000010 0.010374 0.386162 0.000010
0.043314 0.066380 0.036209 0.002672 0.812204 0.039223
0.000010 0.313141 0.000010 0.000010 0.674126 0.012702
0.009237 0.334908 0.000010 0.270343 0.381706 0.003796
0.000010 0.425200 0.040662 0.107920 0.321616 0.104591
0.000010 0.366580 0.000010 0.059065 0.463202 0.111133
0.050923 0.164848 0.066378 0.029007 0.545997 0.142846
0.000010 0.392759 0.209728 0.000010 0.332627 0.064867
0.032335 0.212956 0.169435 0.013511 0.464400 0.107362
0.000010 0.211473 0.087517 0.242759 0.428908 0.029333
0.009307 0.121986 0.238490 0.002086 0.628122 0.000010
0.000010 0.368974 0.092546 0.000010 0.483782 0.054678
0.000010 0.288726 0.124041 0.000010 0.519867 0.067345
0.000010 0.180856 0.074315 0.068396 0.552437 0.123986
0.056713 0.185168 0.176966 0.048622 0.532521 0.000010
0.000010 0.294438 0.000010 0.008037 0.684807 0.012699
0.000010 0.121502 0.039777 0.154206 0.668354 0.016151
0.047738 0.113611 0.000010 0.079121 0.650201 0.109319
0.070978 0.129302 0.000010 0.134360 0.651334 0.014015
0.068283 0.203991 0.003446 0.154973 0.529690 0.039617
0.000010 0.284794 0.116008 0.048724 0.547804 0.002660
0.000010 0.389482 0.114215 0.074573 0.421710 0.000010
0.033040 0.058522 0.032534 0.065293 0.810600 0.000010
0.000010 0.088241 0.000010 0.016650 0.879966 0.015123
0.000010 0.143935 0.000010 0.019385 0.836651 0.000010
0.000010 0.202909 0.092989 0.091397 0.599000 0.013695
0.008166 0.133052 0.000010 0.052164 0.798861 0.007747
0.019500 0.279490 0.000010 0.013900 0.683093 0.004007
0.000010 0.130027 0.042752 0.135051 0.606317 0.085843
0.038682 0.059275 0.000010 0.094721 0.767010 0.040302
0.041321 0.068879 0.000010 0.205040 0.684740 0.000010
0.102725 0.411498 0.000010 0.082990 0.402767 0.000010
0.000010 0.101876 0.023485 0.228800 0.557106 0.088723
0.019394 0.362282 0.000010 0.174323 0.372747 0.071244
0.002668 0.128736 0.000010 0.180364 0.672141 0.016081
0.001984 0.440988 0.197977 0.141439 0.217601 0.000010
0.000010 0.217978 0.049730 0.137092 0.539048 0.056141
0.000010 0.320475 0.326823 0.089420 0.263262 0.000010
0.000010 0.052540 0.166249 0.200519 0.580672 0.000010
0.000010 0.174923 0.290960 0.181230 0.352867 0.000010
0.026072 0.128420 0.258725 0.047825 0.528876 0.010082
0.000010 0.235007 0.008788 0.058402 0.697783 0.000010
0.051035 0.043939 0.064304 0.000010 0.799927 0.040785
0.024787 0.194671 0.063180 0.018537 0.693057 0.005768
0.010388 0.062924 0.000010 0.488822 0.406197 0.031658
0.000010 0.000010 0.008550 0.824490 0.066968 0.099972
0.013333 0.004416 0.000010 0.820839 0.075682 0.085720
0.000010 0.059150 0.271802 0.211622 0.457406 0.000010
0.000010 0.000010 0.000010 0.056943 0.707357 0.235669
0.000010 0.204047 0.247504 0.021004 0.451214 0.076221
0.005150 0.180325 0.124292 0.000010 0.627519 0.062704
0.000010 0.357170 0.149569 0.000010 0.493231 0.000010
0.000010 0.192290 0.189721 0.000010 0.617958 0.000010
0.000010 0.135259 0.000010 0.024030 0.840680 0.000010
0.000978 0.381840 0.000010 0.099477 0.388318 0.129377
0.035673 0.149061 0.000010 0.064889 0.741222 0.009144
0.015478 0.120926 0.148963 0.049851 0.600312 0.064470
0.003275 0.075474 0.000010 0.061212 0.627208 0.232821
0.000010 0.204849 0.068846 0.083114 0.480316 0.162864
0.018819 0.024756 0.060965 0.015745 0.780049 0.099666
0.000010 0.522638 0.177140 0.111551 0.188652 0.000010
0.000010 0.254178 0.181969 0.119579 0.411404 0.032860
0.033467 0.340573 0.000010 0.000010 0.570635 0.055305
0.030953 0.138825 0.100540 0.027502 0.702171 0.000010
0.000010 0.388780 0.000010 0.347494 0.175655 0.088051
0.000010 0.329001 0.000010 0.213543 0.417925 0.039512
0.000010 0.468358 0.000010 0.000010 0.338679 0.192934
0.030423 0.000010 0.077295 0.000010 0.892251 0.000010
0.000010 0.253508 0.016153 0.000010 0.659209 0.071110
0.000010 0.344934 0.000010 0.030724 0.580572 0.043750
0.032959 0.208320 0.032737 0.000010 0.725964 0.000010
0.000010 0.229558 0.005311 0.000010 0.765101 0.000010
0.015267 0.057664 0.223131 0.019643 0.684285 0.000010
0.010731 0.071751 0.321434 0.006003 0.556442 0.033639
0.036463 0.060880 0.000010 0.012107 0.786629 0.103910
0.000010 0.066360 0.237258 0.302525 0.393837 0.000010
0.000010 0.181601 0.145720 0.070909 0.601750 0.000010
0.000010 0.030745 0.079356 0.104485 0.753207 0.032196
0.000010 0.027922 0.153857 0.351461 0.466739 0.000010
0.000010 0.000010 0.283324 0.209277 0.438452 0.068927
0.096726 0.048461 0.006034 0.021517 0.787159 0.040103
0.070542 0.128787 0.053534 0.024480 0.693947 0.028710
0.000010 0.289659 0.000010 0.039243 0.603391 0.067688
0.000010 0.047752 0.082138 0.209173 0.530232 0.130695
0.000010 0.100115 0.147089 0.031160 0.721616 0.000010
0.040809 0.007348 0.027013 0.000010 0.894858 0.029962
0.038663 0.677376 0.066662 0.000010 0.159518 0.057772
0.045670 0.357262 0.086851 0.269578 0.221824 0.018816
0.048607 0.720686 0.073921 0.156766 0.000010 0.000010
0.000010 0.259776 0.226202 0.119119 0.394883 0.000010
0.032135 0.366194 0.000010 0.018819 0.582831 0.000010
0.014650 0.265007 0.004893 0.141097 0.574342 0.000010
0.000010 0.046748 0.144076 0.006061 0.637733 0.165372
0.016850 0.623205 0.008262 0.000010 0.301105 0.050568
0.000010 0.310783 0.000010 0.000010 0.491969 0.197218
0.033626 0.231527 0.285327 0.079608 0.369901 0.000010
0.000010 0.162960 0.219895 0.000010 0.617115 0.000010
0.000010 0.229111 0.251290 0.011073 0.508506 0.000010
0.000010 0.363346 0.000010 0.009807 0.514133 0.112694
0.013465 0.316901 0.000010 0.000010 0.631240 0.038373
0.000010 0.457544 0.000010 0.005517 0.396724 0.140195
0.000010 0.482026 0.000010 0.183708 0.325184 0.009062
0.035864 0.244522 0.026672 0.000010 0.681776 0.011156
0.008389 0.459062 0.017115 0.011438 0.503985 0.000010
0.000010 0.159087 0.043721 0.015558 0.706416 0.075207
0.000010 0.381719 0.205956 0.063567 0.340056 0.008692
0.000010 0.301582 0.218659 0.024066 0.455673 0.000010
0.000010 0.365289 0.169580 0.045060 0.402126 0.017936
0.000010 0.350387 0.026936 0.216487 0.386536 0.019644
0.158600 0.400873 0.000010 0.007969 0.380099 0.052449
0.000010 0.246725 0.014614 0.056416 0.667378 0.014857
0.067710 0.197573 0.006680 0.015080 0.712948 0.000010
0.016054 0.730840 0.000010 0.015828 0.158538 0.078730
0.000010 0.391275 0.000010 0.040393 0.505518 0.062794
0.000010 0.392742 0.168165 0.053197 0.385875 0.000010
0.008936 0.183194 0.249672 0.221092 0.337096 0.000010
0.000010 0.285965 0.193208 0.096767 0.424040 0.000010
0.000010 0.490374 0.000010 0.048449 0.451481 0.009677
0.007302 0.257534 0.074075 0.000010 0.627150 0.033928
0.057595 0.481072 0.000010 0.000010 0.461303 0.000010
0.000010 0.216045 0.094825 0.005318 0.683791 0.000010
0.016589 0.250121 0.000010 0.204508 0.498685 0.030087
0.032406 0.343036 0.000010 0.006636 0.593104 0.024808
0.042163 0.113340 0.048202 0.000010 0.746693 0.049592
0.000010 0.280833 0.091108 0.395837 0.232202 0.000010
0.000010 0.386411 0.000010 0.048690 0.553280 0.011600
0.001614 0.087038 0.003335 0.303519 0.541347 0.063147
0.013373 0.098201 0.030885 0.052972 0.752353 0.052215
0.010562 0.269721 0.000010 0.000010 0.682656 0.037042
0.000010 0.133229 0.032832 0.138286 0.614910 0.080734
0.000010 0.153477 0.092131 0.000103 0.754269 0.000010
0.029727 0.237576 0.068193 0.303316 0.352897 0.008291
0.000010 0.366423 0.000010 0.198736 0.383724 0.051096
0.036139 0.000010 0.283778 0.064536 0.615527 0.000010
0.000010 0.092083 0.085722 0.118609 0.571953 0.131623
0.000010 0.331727 0.239626 0.131689 0.296938 0.000010
0.024590 0.245968 0.200744 0.193225 0.335463 0.000010
0.000010 0.092283 0.079821 0.167778 0.660097 0.000010
0.097608 0.097016 0.126056 0.000010 0.679299 0.000010
0.041272 0.034735 0.145485 0.147757 0.630740 0.000010
0.000010 0.338376 0.094631 0.131762 0.435212 0.000010
0.034205 0.042441 0.277139 0.034645 0.593765 0.017804
0.031004 0.016246 0.070421 0.000010 0.882308 0.000010
0.000010 0.000010 0.311215 0.009217 0.679538 0.000010
0.000010 0.199308 0.019143 0.158243 0.595172 0.028123
0.118638 0.401833 0.036597 0.008834 0.420614 0.013483
0.000010 0.741826 0.000010 0.024851 0.233293 0.000010
0.023265 0.144205 0.000010 0.258187 0.533244 0.041088
0.073086 0.207972 0.000010 0.067596 0.651326 0.000010
0.000010 0.289864 0.000010 0.028283 0.625866 0.055967
0.017602 0.271767 0.274651 0.000010 0.396479 0.039491
0.000010 0.316144 0.190594 0.005448 0.414938 0.072865
0.000010 0.304106 0.000010 0.046542 0.626484 0.022848
0.090717 0.472376 0.000010 0.105488 0.283361 0.048049
0.000010 0.490992 0.150224 0.149045 0.209719 0.000010
0.058276 0.468644 0.000010 0.246574 0.200114 0.026381
0.032702 0.202343 0.205732 0.268009 0.197307 0.093907
0.000010 0.173941 0.171103 0.000010 0.654926 0.000010
0.000010 0.331419 0.261191 0.051495 0.355875 0.000010
0.002786 0.107203 0.086750 0.000010 0.803241 0.000010
0.070460 0.022124 0.000010 0.011250 0.836172 0.059984
0.000010 0.179673 0.009098 0.208770 0.602439 0.000010
0.040391 0.210910 0.044880 0.364943 0.323442 0.015434
0.000010 0.133095 0.379270 0.000656 0.460961 0.026007
0.000010 0.287525 0.245960 0.074344 0.392152 0.000010
0.000010 0.000010 0.260377 0.000556 0.664675 0.074372
0.000010 0.000010 0.329936 0.006298 0.584416 0.079331
0.012027 0.218507 0.060720 0.053925 0.624187 0.030636
0.027634 0.049081 0.000010 0.018217 0.905048 0.000010
0.009330 0.124053 0.078463 0.046304 0.734724 0.007126
0.004570 0.224482 0.000010 0.447132 0.323796 0.000010
0.000010 0.245958 0.000010 0.125546 0.623737 0.004738
0.000010 0.230733 0.027642 0.393381 0.348225 0.000010
0.003503 0.314676 0.033681 0.000010 0.612293 0.035836
0.086630 0.149479 0.051376 0.033567 0.678938 0.000010
0.018282 0.251793 0.057740 0.024096 0.648079 0.000010
0.000010 0.009833 0.204593 0.019251 0.716338 0.049975
0.064476 0.000010 0.009354 0.022854 0.903296 0.000010
0.000010 0.000010 0.224177 0.029031 0.746762 0.000010
0.000010 0.000010 0.109470 0.012010 0.854814 0.023686
0.001271 0.000010 0.096402 0.007701 0.858914 0.035701
0.000010 0.000010 0.156220 0.008507 0.835243 0.000010
0.000010 0.000010 0.323759 0.000010 0.676201 0.000010
0.000010 0.026576 0.030897 0.000010 0.870669 0.071838
0.000010 0.000010 0.312524 0.000010 0.675430 0.012016
0.000010 0.000010 0.262220 0.000010 0.737740 0.000010
0.008582 0.000010 0.089309 0.048180 0.853909 0.000010
0.000010 0.000010 0.274453 0.021211 0.704306 0.000010
0.000010 0.000010 0.244974 0.000010 0.754986 0.000010
0.000010 0.000010 0.047556 0.000010 0.833227 0.119187
0.000010 0.000010 0.309105 0.000010 0.674674 0.016191
0.000010 0.000010 0.190772 0.000010 0.809188 0.000010
0.000010 0.014155 0.246349 0.009516 0.729960 0.000010
0.000010 0.000010 0.316941 0.000010 0.683019 0.000010
0.032279 0.000010 0.110705 0.000010 0.856986 0.000010
0.055793 0.013369 0.000010 0.000010 0.884846 0.045972
0.061540 0.000010 0.000010 0.000010 0.938420 0.000010
0.006779 0.003701 0.144478 0.000021 0.845012 0.000010
0.000010 0.000010 0.132132 0.000010 0.751480 0.116358
0.062557 0.000010 0.000010 0.000010 0.903897 0.033516
0.000010 0.000010 0.089762 0.024626 0.885582 0.000010
0.000010 0.000010 0.334000 0.025950 0.640021 0.000010
0.000010 0.041794 0.006894 0.037195 0.880879 0.033228
0.049511 0.000010 0.124889 0.000010 0.788184 0.037396
0.023167 0.029819 0.000010 0.023090 0.915396 0.008519
0.070597 0.000010 0.067281 0.000010 0.843672 0.018431
0.053149 0.037385 0.000010 0.000010 0.696025 0.213421
0.000010 0.000010 0.275486 0.023650 0.700834 0.000010
0.036760 0.040409 0.000010 0.011681 0.735325 0.175816
0.000010 0.007658 0.206892 0.019084 0.766346 0.000010
0.000010 0.000010 0.273034 0.000010 0.726926 0.000010
0.000010 0.000010 0.287127 0.000010 0.712833 0.000010
0.014525 0.313922 0.101206 0.013843 0.556494 0.000010
0.003977 0.181685 0.058010 0.401784 0.354534 0.000010
0.019262 0.335983 0.000010 0.307103 0.265530 0.072112
0.000010 0.261290 0.000010 0.294988 0.420126 0.023576
0.000010 0.910545 0.000010 0.000010 0.089415 0.000010
0.000010 0.379115 0.000010 0.000010 0.537827 0.083028
0.000010 0.477537 0.000010 0.000010 0.473965 0.048468
0.000010 0.561674 0.102814 0.000010 0.307931 0.027561
0.034884 0.711751 0.089414 0.000010 0.146328 0.017614
0.038125 0.470506 0.063639 0.000010 0.360695 0.067025
0.050635 0.447012 0.000010 0.083137 0.408488 0.010717
0.000010 0.671431 0.116843 0.000010 0.211696 0.000010
0.000010 0.700597 0.076975 0.000010 0.222398 0.000010
0.049935 0.000111 0.029677 0.000010 0.219000 0.701267
0.045804 0.007645 0.237583 0.002435 0.339108 0.367425
0.032403 0.022253 0.176884 0.000010 0.320040 0.448410
0.002237 0.044424 0.000010 0.000010 0.440686 0.512633
0.791773 0.006624 0.201573 0.000010 0.000010 0.000010
0.856130 0.000011 0.099021 0.000010 0.000010 0.044818
0.956798 0.005306 0.019119 0.000010 0.000010 0.018757
0.870752 0.053371 0.069686 0.004342 0.000010 0.001840
0.919679 0.000010 0.015574 0.012505 0.000010 0.052222
0.957927 0.005079 0.000010 0.008815 0.028159 0.000010
0.000010 0.097590 0.000010 0.010025 0.839783 0.052581
0.000010 0.072073 0.000010 0.032240 0.831797 0.063869
0.000010 0.051313 0.137969 0.051534 0.729248 0.029927
0.028359 0.004474 0.000010 0.000010 0.967137 0.000010
0.031439 0.000010 0.000010 0.000010 0.968521 0.000010
0.016803 0.039545 0.000010 0.005862 0.914297 0.023484
0.010973 0.102431 0.000010 0.000010 0.844858 0.041718
0.000010 0.000010 0.346323 0.007982 0.645665 0.000010
0.007993 0.002761 0.286469 0.004740 0.698028 0.000010
0.082853 0.000010 0.011831 0.000010 0.905286 0.000010
0.074497 0.000010 0.001523 0.000010 0.923213 0.000747
0.000010 0.026632 0.038695 0.006791 0.833428 0.094445
0.033494 0.000010 0.145340 0.031593 0.688483 0.101079
0.000010 0.000010 0.181120 0.030163 0.768464 0.020233
0.026946 0.000010 0.052141 0.011080 0.908408 0.001416
0.023092 0.024330 0.059634 0.000010 0.737041 0.155894
0.039639 0.032917 0.000010 0.000010 0.910660 0.016764
0.000010 0.018810 0.105949 0.000010 0.720882 0.154339
0.000010 0.000010 0.043451 0.003355 0.920417 0.032757
0.013309 0.029238 0.019278 0.007829 0.806325 0.124022
0.003331 0.000010 0.023523 0.000010 0.911175 0.061951
0.000010 0.000010 0.000010 0.078015 0.906577 0.015378
0.000010 0.030679 0.000010 0.002215 0.908041 0.059044
0.000010 0.014702 0.077720 0.072827 0.811272 0.023469
0.000010 0.028336 0.123389 0.000010 0.801036 0.047218
0.079987 0.028166 0.040113 0.029954 0.821770 0.000010
0.026748 0.077294 0.018248 0.000010 0.877690 0.000010
0.000010 0.057866 0.000010 0.178675 0.763429 0.000010
0.024457 0.002273 0.120099 0.112340 0.740821 0.000010
0.000010 0.022882 0.217791 0.018981 0.740326 0.000010
0.052536 0.000010 0.076134 0.000010 0.871300 0.000010
0.045898 0.029035 0.000010 0.013793 0.909203 0.002060
0.062617 0.000010 0.072058 0.010270 0.852305 0.002740
0.026826 0.000010 0.108942 0.036428 0.827784 0.000010
0.000010 0.016151 0.000010 0.029062 0.895351 0.059415
0.008904 0.000010 0.120938 0.060149 0.809989 0.000010
0.075477 0.083032 0.020090 0.074581 0.724851 0.021969
0.047867 0.098627 0.000010 0.033279 0.813398 0.006818
0.011838 0.108296 0.000010 0.030041 0.768543 0.081271
0.037870 0.000875 0.017242 0.000010 0.787606 0.156396
0.011463 0.000569 0.206353 0.000010 0.745227 0.036378
0.000010 0.000010 0.263666 0.000010 0.736294 0.000010
0.006450 0.034914 0.035924 0.000010 0.916254 0.006449
0.000010 0.033451 0.064184 0.000010 0.902335 0.000010
0.033085 0.014408 0.000010 0.000010 0.924965 0.027523
0.018218 0.000883 0.037197 0.000010 0.927621 0.016072
0.034170 0.000010 0.196697 0.000010 0.769102 0.000010
0.000010 0.000010 0.209419 0.000010 0.790541 0.000010
0.000010 0.000010 0.362761 0.000010 0.637199 0.000010
0.000010 0.000010 0.274758 0.000010 0.725202 0.000010
